 // fi at step         1400  tk =           7
     1     0.02173560
     2    -0.04891555
     3    -0.02184779
     4    -0.02101521
     5    -0.02549712
     6    -0.09484850
     7     0.03831165
     8     0.08669016
     9    -0.09220474
    10     0.00682642
    11     0.02550558
    12     0.03130652
    13    -0.03520519
    14    -0.03812484
    15    -0.04890309
    16     0.00799254
    17    -0.02162366
    18     0.00654523
    19    -0.00390029
    20     0.00916391
    21     0.02100214
    22     0.07493584
    23    -0.10067346
    24     0.05343789
    25     0.05917768
    26    -0.02259317
    27     0.10764159
    28    -0.00954895
    29    -0.02852240
    30     0.00593442
    31     0.01492272
    32    -0.03051580
    33    -0.00407260
    34     0.01344161
    35     0.02010272
    36    -0.02639730
    37     0.00629919
    38    -0.02320390
    39     0.00333231
    40    -0.03033223
    41     0.03127302
    42     0.07873642
    43    -0.05644242
    44     0.01816558
    45    -0.02688812
    46     0.04881222
    47    -0.02745279
    48     0.00472175
    49    -0.07019564
    50     0.09285196
    51    -0.02933510
    52     0.02231502
    53    -0.07158276
    54    -0.02398742
    55    -0.01394514
    56     0.06385839
    57     0.02349833
    58    -0.02188943
    59     0.02778711
    60     0.06229083
    61     0.03147901
    62     0.00677140
    63    -0.01388223
    64    -0.04616469
    65    -0.02140348
    66     0.01974958
    67    -0.03333963
    68     0.07312744
    69     0.02021512
    70    -0.02931320
    71    -0.07835499
    72     0.02909893
    73    -0.08113259
    74     0.04412217
    75    -0.03334321
    76     0.03986122
    77    -0.06221318
    78     0.06169522
    79    -0.01281402
    80    -0.04346732
    81     0.00476075
    82    -0.07279511
    83     0.05569579
    84    -0.05530507
    85    -0.00866258
    86     0.03105940
    87    -0.05191954
    88    -0.02609861
    89    -0.03267954
    90    -0.03384858
    91    -0.04738053
    92    -0.04047741
    93     0.01510766
    94    -0.00562861
    95     0.00665843
    96    -0.02724327
    97    -0.01025328
    98     0.00016031
    99    -0.04957727
   100     0.00885141
   101    -0.02419336
   102     0.00129121
   103    -0.02173630
   104    -0.02381585
   105    -0.02895885
   106     0.02974273
   107    -0.01852568
   108     0.03562342
   109     0.02827112
   110     0.03450389
   111     0.04441104
   112     0.00750766
   113     0.01068759
   114     0.08479075
   115    -0.01069855
   116     0.01440603
   117     0.07782354
   118    -0.06024667
   119    -0.02319030
   120    -0.00238530
   121     0.01902191
   122     0.08444229
   123     0.05482658
   124    -0.05381861
   125     0.01579305
   126     0.01579155
   127    -0.06138931
   128     0.02161081
   129     0.06176660
   130    -0.00798036
   131    -0.02592436
   132    -0.06491165
   133     0.06084922
   134     0.02786892
   135    -0.00192077
   136    -0.04794144
   137    -0.06417092
   138     0.05081822
   139    -0.01797807
   140     0.02233598
   141     0.00430030
   142     0.03770561
   143     0.01829761
   144    -0.07325438
   145    -0.01048227
   146     0.05209133
   147    -0.09768662
   148    -0.04582572
   149    -0.02223571
   150     0.03122076
   151    -0.02778078
   152    -0.00774014
   153    -0.01415441
   154    -0.06699060
   155     0.02443101
   156    -0.03923279
   157     0.01822559
   158    -0.01971845
   159    -0.00728449
   160     0.04035654
   161     0.01984035
   162    -0.02246193
   163    -0.01514518
   164     0.04946872
   165    -0.02301451
   166     0.01966133
   167    -0.04855561
   168    -0.07116750
   169     0.02322206
   170     0.00332753
   171    -0.00461958
   172     0.03326233
   173     0.02578156
   174     0.04456424
   175     0.04456681
   176     0.08360958
   177    -0.06176521
   178     0.02916088
   179    -0.03635555
   180     0.02784339
   181     0.00635940
   182     0.09850123
   183    -0.08097397
   184    -0.03885592
   185     0.03927319
   186    -0.05574850
   187     0.10626447
   188    -0.06050069
   189    -0.01765651
   190     0.00516793
   191    -0.01524812
   192    -0.04440251
   193    -0.03028999
   194     0.01527519
   195    -0.01662871
   196    -0.05791001
   197     0.04104804
   198    -0.01250085
   199     0.01279391
   200    -0.06472846
   201    -0.04070802
   202    -0.07244497
   203    -0.01175592
   204     0.02269397
   205    -0.01147684
   206    -0.00999193
   207    -0.02449955
   208    -0.01789934
   209    -0.04017856
   210     0.05698478
   211     0.01198988
   212     0.01535689
   213    -0.04793707
   214     0.04166465
   215     0.02295390
   216    -0.00771232
   217     0.03677141
   218     0.08895338
   219    -0.01416820
   220     0.06265006
   221     0.07786001
   222    -0.07780748
   223    -0.09829839
   224     0.01298416
   225     0.06278543
   226     0.08628477
   227     0.01152251
   228    -0.00884252
   229     0.03567514
   230     0.06313065
   231    -0.06576941
   232     0.04533781
   233     0.00971670
   234    -0.00081527
   235    -0.04762631
   236    -0.01414217
   237     0.01435832
   238    -0.02023998
   239     0.00862617
   240     0.06711592
   241    -0.05487564
   242     0.01707887
   243    -0.01384042
   244     0.00123358
   245     0.01811373
   246     0.05839358
   247     0.03680640
   248    -0.08048293
   249    -0.03439618
   250    -0.05356850
   251    -0.02773248
   252    -0.06936506
   253    -0.00704277
   254     0.01840307
   255    -0.00060982
   256     0.00100081
   257    -0.03923843
   258     0.06117481
   259    -0.02899840
   260    -0.00796771
   261     0.01417815
   262    -0.01299619
   263     0.04604134
   264     0.05233106
   265    -0.00951926
   266    -0.00350153
   267     0.03194662
   268     0.02274347
   269     0.03653249
   270     0.00130290
   271     0.03852158
   272    -0.01073285
   273    -0.03782209
   274     0.00524023
   275    -0.02356608
   276     0.04119157
   277     0.03221558
   278    -0.06964781
   279    -0.09612182
   280    -0.06096141
   281     0.09596216
   282     0.03382361
   283     0.01061521
   284     0.03890139
   285    -0.08456823
   286     0.00683005
   287     0.02200833
   288     0.00820933
   289     0.00196615
   290    -0.05371269
   291     0.00164589
   292    -0.02680844
   293    -0.02028632
   294     0.03101948
   295    -0.06842282
   296    -0.03121166
   297    -0.02315187
   298    -0.08738541
   299    -0.02270210
   300     0.00473270
   301    -0.01641038
   302     0.01705325
   303     0.01222747
   304     0.04299897
   305     0.05717569
   306     0.04747795
   307    -0.07114391
   308     0.00165109
   309    -0.01244495
   310     0.01691838
   311     0.01032606
   312    -0.01488601
   313    -0.01491171
   314    -0.01873692
   315    -0.04229653
   316     0.04729513
   317     0.01323764
   318    -0.02184366
   319     0.03117693
   320     0.01090359
   321    -0.01385375
   322     0.04444496
   323     0.02748399
   324    -0.04725556
   325     0.03960345
   326     0.04990132
   327     0.04878739
   328    -0.06387748
   329    -0.01505455
   330     0.05042850
   331     0.08100183
   332    -0.04849067
   333    -0.01466114
   334     0.00857263
   335     0.05765845
   336     0.00481772
   337     0.08376887
   338    -0.03704540
   339     0.00272627
   340    -0.06735522
   341     0.03909700
   342     0.09247728
   343    -0.02598398
   344    -0.05982069
   345    -0.02123269
   346     0.06515700
   347     0.01583245
   348     0.00715080
   349    -0.02261544
   350     0.01743497
   351    -0.01018117
   352    -0.01910366
   353    -0.05323665
   354    -0.00185435
   355     0.02696275
   356    -0.03955750
   357    -0.00724506
   358    -0.02792138
   359    -0.01331533
   360    -0.00474212
   361     0.03184735
   362    -0.00007080
   363     0.04734499
   364     0.00865529
   365     0.04811936
   366     0.03069343
   367     0.01251615
   368     0.05760261
   369     0.09476312
   370     0.03071196
   371     0.09113047
   372     0.04836394
   373    -0.04096217
   374     0.06296589
   375    -0.02511518
   376    -0.00341558
   377    -0.07933626
   378    -0.01399757
   379    -0.00023466
   380     0.04952516
   381    -0.00178561
   382    -0.03877491
   383     0.00079853
   384     0.02320653
   385     0.03554502
   386     0.07165003
   387     0.00804196
   388     0.01610829
   389    -0.03365252
   390    -0.06467973
   391    -0.02272166
   392    -0.05878064
   393     0.01962361
   394    -0.03777854
   395    -0.00043647
   396     0.02757938
   397     0.04798725
   398     0.01599775
   399    -0.03029767
   400     0.00914980
   401     0.01447287
   402    -0.02576092
   403    -0.04009477
   404     0.02652144
   405    -0.01423796
   406     0.03995243
   407    -0.01041981
   408    -0.01651653
   409    -0.02044150
   410    -0.03702792
   411    -0.01898413
   412    -0.02879803
   413    -0.01075611
   414     0.00582193
   415    -0.04060211
   416    -0.02542208
   417    -0.04735725
   418    -0.00086867
   419    -0.05727883
   420    -0.04918882
   421    -0.05333066
   422    -0.07702412
   423    -0.01555492
   424    -0.01931287
   425    -0.04727230
   426     0.04438274
   427    -0.01906507
   428    -0.02476223
   429     0.05353960
   430    -0.02731202
   431     0.00681592
   432     0.01965057
   433     0.01381654
   434     0.01324713
   435    -0.00736642
   436     0.01134520
   437     0.02600747
   438    -0.01317761
   439     0.02808181
   440    -0.01744404
   441     0.01619853
   442     0.00333745
   443     0.00840944
   444     0.01190403
   445     0.02301022
   446     0.02020048
   447    -0.09347784
   448    -0.04563074
   449    -0.05004581
   450    -0.02946758
   451    -0.06050394
   452    -0.00722377
   453    -0.02007612
   454    -0.04974450
   455     0.00235526
   456     0.04699176
   457     0.06209753
   458     0.00722355
   459     0.01541968
   460     0.02092109
   461     0.03495503
   462    -0.05655094
   463    -0.05066847
   464     0.00104435
   465     0.08278119
   466     0.01520645
   467     0.06623465
   468     0.05439307
   469     0.05054693
   470     0.05999112
   471     0.05922284
   472    -0.00055442
   473     0.02111284
   474     0.04047711
   475     0.11890348
   476     0.08992065
   477     0.05124595
   478    -0.01660973
   479     0.02639771
   480    -0.02221795
   481    -0.05652664
   482    -0.00316727
   483    -0.03882796
   484     0.02282879
   485    -0.00946828
   486    -0.02228842
   487    -0.04938057
   488    -0.00037778
   489    -0.09492333
   490    -0.00535020
   491    -0.05541813
   492    -0.02402300
   493    -0.04278741
   494    -0.02068449
   495     0.03211543
   496    -0.01815520
   497     0.01625934
   498    -0.01609540
   499    -0.04188214
   500    -0.00682639
   501    -0.04477240
   502    -0.04822910
   503    -0.01711077
   504    -0.08235219
   505     0.02385323
   506    -0.02507677
   507     0.04175281
   508     0.07363405
   509     0.06054244
   510     0.02456910
   511     0.04991311
   512     0.07246505
   513     0.03600327
   514     0.05557269
   515     0.06907238
   516     0.03023115
   517    -0.05351124
   518    -0.00244512
   519    -0.01711449
   520    -0.05624435
   521    -0.02214427
   522     0.01333586
   523    -0.03375163
   524    -0.01766034
   525    -0.00709651
   526    -0.00429658
   527     0.00240786
   528    -0.02503960
   529     0.00797291
   530    -0.03013734
   531    -0.01665086
   532    -0.06946524
   533    -0.03385509
   534     0.05602058
   535    -0.01665212
   536    -0.01324793
   537     0.03871393
   538     0.02223964
   539     0.02623911
   540    -0.07075002
   541     0.01580489
   542    -0.05363729
   543    -0.03487614
   544    -0.02639314
   545    -0.02853764
   546    -0.06321077
   547     0.09780691
   548     0.04745392
   549     0.00247593
   550     0.01109764
   551    -0.01281649
   552    -0.01293131
   553     0.00997369
   554    -0.05639578
   555    -0.03599825
   556     0.08354195
   557    -0.00158794
   558    -0.00804162
   559     0.01164593
   560     0.03253438
   561    -0.00335081
   562    -0.02833042
   563    -0.05785896
   564     0.02882234
   565    -0.03741469
   566     0.02452899
   567    -0.02815708
   568    -0.04177329
   569     0.03318765
   570     0.01168587
   571     0.02838360
   572    -0.00199434
   573     0.02659670
   574    -0.09272868
   575     0.08955783
   576     0.07772786
   577     0.04412379
   578     0.01601881
   579    -0.02036496
   580     0.01846668
   581     0.02538538
   582     0.00381222
   583     0.04121392
   584    -0.07624912
   585     0.08983445
   586    -0.03838114
   587     0.11556989
   588    -0.04101682
   589    -0.02545931
   590     0.00268451
   591     0.00137420
   592    -0.04374587
   593    -0.02102018
   594     0.01911502
   595     0.00146005
   596    -0.04551502
   597     0.03051528
   598    -0.01986509
   599     0.01118862
   600    -0.05619793
   601    -0.00371309
   602    -0.06995499
   603    -0.00081649
   604     0.02303494
   605     0.00377142
   606    -0.00965573
   607    -0.00289166
   608    -0.01888605
   609    -0.03639018
   610     0.03371477
   611     0.02309261
   612     0.00714449
   613    -0.06129317
   614     0.00902100
   615     0.01287917
   616    -0.01668551
   617     0.03508454
   618     0.06194694
   619     0.00024177
   620     0.02570743
   621     0.06944188
   622    -0.04066761
   623    -0.08956605
   624     0.00514631
   625     0.04912387
   626     0.07196732
   627    -0.00055996
   628     0.01096835
   629     0.03209524
   630     0.09012438
   631    -0.04181148
   632     0.03698590
   633    -0.01101069
   634    -0.00855361
   635    -0.05490588
   636     0.00434789
   637    -0.00230621
   638    -0.02584949
   639     0.00076121
   640     0.11009743
   641    -0.02681198
   642     0.00633873
   643     0.00417685
   644     0.00133109
   645     0.01903051
   646     0.02231767
   647     0.03631650
   648    -0.05986228
   649    -0.03844803
   650     0.00090406
   651    -0.07760076
   652    -0.03624054
   653    -0.04587295
   654     0.03595574
   655    -0.01373954
   656     0.00312157
   657    -0.06563502
   658     0.05098745
   659    -0.03032193
   660     0.02440770
   661     0.02714944
   662    -0.01820366
   663     0.00993565
   664     0.06544418
   665     0.00834185
   666    -0.01536898
   667     0.03346500
   668     0.04796992
   669     0.04295884
   670     0.00210345
   671     0.01976564
   672    -0.02440559
   673    -0.03770087
   674     0.02001250
   675    -0.03289328
   676     0.06603163
   677     0.02174661
   678     0.08860707
   679     0.08774990
   680     0.00370912
   681     0.00257783
   682     0.04183886
   683    -0.01265070
   684     0.04106904
   685    -0.08366480
   686    -0.07845685
   687     0.09142852
   688    -0.08367498
   689     0.01839614
   690    -0.06696738
   691     0.02670502
   692    -0.04010577
   693    -0.01284120
   694     0.03725405
   695    -0.06499366
   696    -0.02259180
   697    -0.02964529
   698    -0.06683259
   699    -0.04473209
   700    -0.01733704
   701    -0.00509085
   702     0.00273187
   703     0.00665839
   704     0.00741182
   705     0.03862668
   706     0.03463964
   707    -0.06646961
   708     0.00342154
   709    -0.02062803
   710     0.00957308
   711    -0.00176538
   712    -0.02251162
   713    -0.01982051
   714    -0.00120309
   715    -0.03342588
   716     0.04369533
   717     0.03110931
   718     0.00326781
   719     0.04452729
   720     0.01067922
   721    -0.00638630
   722     0.06543509
   723     0.00873892
   724    -0.03023980
   725     0.06432342
   726    -0.00710805
   727     0.02379361
   728    -0.03030791
   729    -0.00407518
   730     0.06964719
   731     0.07392411
   732    -0.05955050
   733    -0.00066212
   734     0.00723027
   735    -0.00734214
   736     0.01209712
   737     0.08212505
   738    -0.02657195
   739    -0.01041656
   740    -0.07573078
   741     0.05740978
   742     0.06257923
   743    -0.01572075
   744    -0.06799254
   745    -0.04556532
   746     0.06326371
   747     0.00146971
   748     0.02020281
   749    -0.00992098
   750     0.01917539
   751     0.00261608
   752    -0.04901787
   753    -0.02944153
   754     0.01176839
   755     0.01908175
   756    -0.05098984
   757    -0.01242868
   758    -0.02640841
   759    -0.00208025
   760     0.01327911
   761     0.00737358
   762    -0.01360594
   763     0.04197363
   764    -0.00590772
   765     0.05178604
   766     0.01386377
   767     0.02416367
   768     0.05525948
   769     0.04257349
   770     0.02923129
   771     0.10301650
   772    -0.00628815
   773    -0.01606107
   774     0.07863065
   775    -0.00811845
   776    -0.01879707
   777    -0.05189853
   778    -0.04355526
   779     0.04252823
   780     0.05161935
   781    -0.03058527
   782    -0.00937829
   783     0.00622716
   784     0.00351509
   785     0.03806269
   786     0.07317567
   787     0.04194421
   788    -0.00686414
   789    -0.04976106
   790    -0.06896735
   791     0.00195654
   792    -0.04502049
   793    -0.00332180
   794    -0.05178144
   795     0.04423344
   796     0.03279678
   797     0.03715503
   798     0.00732872
   799    -0.01389583
   800     0.01471641
   801    -0.02779496
   802    -0.03621971
   803    -0.02297170
   804     0.02985885
   805     0.03107204
   806     0.03364347
   807    -0.03460916
   808    -0.00306482
   809    -0.02567474
   810    -0.04416668
   811    -0.03813090
   812    -0.02424414
   813    -0.00113423
   814    -0.00076652
   815    -0.04090228
   816    -0.00836203
   817    -0.03513720
   818     0.01473900
   819    -0.07086987
   820    -0.03403407
   821    -0.04779512
   822    -0.06430936
   823     0.00257808
   824    -0.03206222
   825    -0.04011811
   826     0.04126562
   827    -0.03879260
   828     0.00641029
   829     0.02526993
   830    -0.02623955
   831     0.05407937
   832     0.01757559
   833     0.01044216
   834     0.01953182
   835     0.01003180
   836    -0.01096386
   837     0.01224285
   838    -0.00068042
   839     0.03685748
   840    -0.04683733
   841     0.01325023
   842    -0.01090294
   843     0.02755387
   844     0.01125414
   845     0.02854216
   846    -0.00185951
   847    -0.09059255
   848    -0.01789842
   849    -0.05621662
   850    -0.06431262
   851    -0.04458688
   852     0.04227142
   853    -0.03492086
   854    -0.05115297
   855     0.02006517
   856     0.06428965
   857     0.04296435
   858     0.02383389
   859    -0.00881924
   860     0.01525619
   861     0.06136705
   862    -0.08200344
   863    -0.03831055
   864     0.02191952
   865     0.07682580
   866    -0.01099752
   867     0.06706293
   868     0.04586898
   869     0.04481828
   870     0.04028199
   871     0.04466767
   872    -0.01794064
   873     0.04587155
   874     0.07727513
   875     0.11280842
   876     0.03477462
   877     0.02392502
   878    -0.02410159
   879     0.04785993
   880    -0.04389436
   881    -0.04605944
   882     0.00756453
   883    -0.02890938
   884     0.02732971
   885    -0.02677970
   886    -0.04123493
   887    -0.03545278
   888     0.01437587
   889    -0.08478366
   890     0.03208859
   891    -0.08163563
   892    -0.01123273
   893    -0.00889365
   894    -0.02137792
   895    -0.01338957
   896    -0.03882124
   897     0.04119084
   898    -0.01277014
   899    -0.04455071
   900    -0.00985526
   901    -0.06463334
   902    -0.03974107
   903     0.00116021
   904    -0.05769790
   905     0.01527826
   906    -0.05803460
   907     0.06038713
   908     0.06144712
   909     0.02902655
   910     0.02851203
   911     0.04597403
   912     0.03319507
   913     0.02245041
   914     0.06679902
   915     0.04254918
   916    -0.00961809
   917    -0.05580277
   918     0.03145599
   919    -0.01105305
   920    -0.06782977
   921    -0.00605120
   922    -0.01374700
   923    -0.04410138
   924     0.02077472
   925    -0.01926458
   926     0.00176154
   927     0.01727635
   928    -0.00637784
   929     0.01034850
   930    -0.04738200
   931    -0.01632832
   932    -0.06870348
   933    -0.00564535
   934     0.04529353
   935    -0.04503994
   936     0.04442975
   937     0.02740340
   938     0.02078548
   939     0.05082935
   940    -0.04518699
   941     0.02327594
   942    -0.08556535
   943    -0.01959733
   944    -0.02243029
   945    -0.03885837
   946     0.04152369
   947     0.07688862
   948    -0.01575260
   949    -0.02668304
   950     0.04743540
   951    -0.03389996
   952     0.00097253
   953    -0.04951325
   954     0.03562865
   955    -0.09464661
   956    -0.01793840
   957     0.08736302
   958    -0.02532208
   959    -0.01899345
   960     0.05289576
   961     0.02881088
   962    -0.02200122
   963     0.01264691
   964     0.06233185
   965     0.00532794
   966     0.01320612
   967    -0.04269427
   968    -0.06556652
   969     0.00252435
   970     0.00908566
   971    -0.02391506
   972     0.06098408
   973     0.02372187
   974     0.07785592
   975     0.00196865
   976    -0.07446354
   977    -0.00635949
   978     0.03972700
   979    -0.04224096
   980     0.03531876
   981    -0.02765441
   982    -0.04451756
   983    -0.08363881
   984     0.04726591
   985    -0.05706485
   986    -0.06871023
   987     0.08424809
   988    -0.06431847
   989    -0.01058313
   990     0.01688760
   991    -0.03393585
   992    -0.03608976
   993    -0.03330104
   994    -0.00305583
   995    -0.03460849
   996    -0.05616794
   997     0.03417277
   998    -0.00850485
   999     0.01000657
  1000    -0.05381408
  1001    -0.04616585
  1002    -0.04257854
  1003    -0.02892347
  1004     0.01649175
  1005    -0.02137324
  1006    -0.00580810
  1007    -0.03297185
  1008    -0.02074062
  1009    -0.03718876
  1010     0.05574064
  1011    -0.00226815
  1012     0.02551435
  1013    -0.00561027
  1014     0.05158138
  1015     0.03511172
  1016     0.00110250
  1017     0.02757054
  1018     0.09445647
  1019    -0.01950639
  1020     0.05628562
  1021     0.08194862
  1022    -0.08663493
  1023    -0.07145250
  1024     0.01223956
  1025     0.04702649
  1026     0.09081766
  1027     0.03157150
  1028    -0.03436171
  1029     0.02948440
  1030     0.03568653
  1031    -0.07951283
  1032     0.03425015
  1033     0.03509853
  1034     0.00304285
  1035    -0.03936057
  1036    -0.04060570
  1037     0.04255679
  1038    -0.00197337
  1039     0.00792473
  1040     0.00334540
  1041    -0.06855533
  1042     0.03352575
  1043    -0.02522564
  1044     0.01366537
  1045     0.01393309
  1046     0.05936254
  1047     0.03079775
  1048    -0.08511865
  1049    -0.01541771
  1050    -0.08038821
  1051     0.07406742
  1052    -0.05775696
  1053     0.08812475
  1054     0.00680118
  1055     0.00387360
  1056     0.00269218
  1057    -0.00464750
  1058     0.01544251
  1059     0.01351268
  1060    -0.04292972
  1061     0.03355083
  1062    -0.01359378
  1063     0.08243222
  1064     0.02501933
  1065    -0.02320407
  1066     0.00539276
  1067     0.02529982
  1068    -0.00623856
  1069     0.01772649
  1070     0.00565362
  1071     0.03596276
  1072    -0.01182443
  1073    -0.02066015
  1074    -0.01386748
  1075    -0.00962452
  1076     0.00565140
  1077     0.04154640
  1078     0.05522732
  1079    -0.07786401
  1080    -0.03081294
  1081    -0.04289947
  1082     0.02159382
  1083     0.02553727
  1084     0.03465744
  1085    -0.06588903
  1086    -0.06611869
  1087    -0.06213786
  1088     0.06446209
  1089     0.05017849
  1090    -0.03793207
  1091    -0.01635071
  1092    -0.02123670
  1093    -0.02604095
  1094     0.01732391
  1095    -0.05863361
  1096    -0.04957949
  1097    -0.01124947
  1098    -0.08752713
  1099     0.00758225
  1100     0.01954573
  1101    -0.01475006
  1102     0.02951168
  1103     0.02210389
  1104     0.07544675
  1105     0.02589778
  1106     0.03760692
  1107    -0.05866733
  1108     0.00298431
  1109    -0.00097575
  1110     0.02102545
  1111     0.00753855
  1112    -0.00342201
  1113    -0.01679814
  1114    -0.02297651
  1115    -0.04150692
  1116     0.04379092
  1117    -0.00013387
  1118    -0.02920472
  1119     0.00486077
  1120     0.00897979
  1121    -0.00590666
  1122     0.02879525
  1123     0.03270393
  1124    -0.03004015
  1125     0.00559571
  1126     0.07975309
  1127     0.04174467
  1128    -0.08330604
  1129    -0.01395654
  1130     0.03084122
  1131     0.06742484
  1132    -0.02503763
  1133    -0.02237336
  1134     0.01475061
  1135     0.10007086
  1136    -0.00101958
  1137     0.05227871
  1138    -0.03403872
  1139     0.00900992
  1140    -0.05207013
  1141     0.02110516
  1142     0.10885457
  1143    -0.02812141
  1144    -0.03646117
  1145    -0.00053970
  1146     0.04583716
  1147     0.01435647
  1148    -0.01202666
  1149    -0.01499829
  1150     0.02401622
  1151    -0.01464358
  1152     0.00945199
  1153    -0.05495248
  1154    -0.02817199
  1155     0.02239231
  1156    -0.02033939
  1157    -0.00332669
  1158    -0.02662814
  1159    -0.02255714
  1160    -0.02029631
  1161     0.03999450
  1162    -0.00113378
  1163     0.04421215
  1164     0.02146565
  1165     0.01761402
  1166     0.04494475
  1167     0.00607689
  1168     0.05058086
  1169     0.11310308
  1170     0.01501139
  1171     0.05544622
  1172     0.07968434
  1173    -0.05569806
  1174     0.03772439
  1175    -0.02346350
  1176     0.01225132
  1177    -0.06810720
  1178     0.02411268
  1179    -0.03382041
  1180     0.06034581
  1181     0.01548775
  1182    -0.05959997
  1183     0.00736079
  1184     0.04611924
  1185     0.01711312
  1186     0.05437733
  1187    -0.03148936
  1188     0.04013766
  1189    -0.02618085
  1190    -0.03803800
  1191    -0.03963894
  1192    -0.02882849
  1193     0.04132692
  1194    -0.02641892
  1195    -0.04816050
  1196     0.01836724
  1197     0.04928477
  1198     0.02469035
  1199    -0.05341625
  1200     0.00059357
  1201     0.02763960
  1202     0.00567377
  1203    -0.04200809
  1204     0.01661133
  1205    -0.04664937
  1206     0.05070424
  1207     0.01455507
  1208    -0.03151597
  1209    -0.00749470
  1210    -0.03047241
  1211    -0.00054209
  1212    -0.03759987
  1213    -0.01919918
  1214     0.00550958
  1215    -0.03109764
  1216    -0.03704182
  1217    -0.04938694
  1218    -0.01317695
  1219    -0.01255335
  1220    -0.04436282
  1221    -0.03723009
  1222    -0.05718322
  1223    -0.02742704
  1224    -0.00156902
  1225    -0.04901408
  1226     0.03604520
  1227     0.00688247
  1228    -0.05146127
  1229     0.06969612
  1230    -0.02148312
  1231    -0.02613841
  1232     0.02622663
  1233     0.01716444
  1234     0.01142152
  1235    -0.02004648
  1236     0.02538487
  1237    -0.00012085
  1238    -0.04260541
  1239     0.01066452
  1240     0.01092435
  1241     0.03056690
  1242     0.01612843
  1243    -0.00892852
  1244    -0.00112123
  1245     0.01473596
  1246     0.03304348
  1247    -0.07614166
  1248    -0.06239234
  1249    -0.02757782
  1250     0.02694087
  1251    -0.06896035
  1252    -0.03678906
  1253     0.01380594
  1254    -0.03530151
  1255    -0.03417049
  1256     0.03518192
  1257     0.06800664
  1258     0.00294044
  1259     0.04938263
  1260     0.00019850
  1261     0.00022639
  1262    -0.00056066
  1263    -0.05734353
  1264    -0.00293754
  1265     0.07156794
  1266     0.04614604
  1267     0.03186165
  1268     0.02929207
  1269     0.04740233
  1270     0.05672795
  1271     0.05835797
  1272     0.01378681
  1273    -0.01058899
  1274    -0.00064164
  1275     0.10291202
  1276     0.10336097
  1277     0.06503949
  1278    -0.00471203
  1279    -0.00428092
  1280    -0.00171155
  1281    -0.06045024
  1282    -0.02141502
  1283    -0.03769614
  1284     0.00651576
  1285     0.01042093
  1286     0.00049010
  1287    -0.05283043
  1288    -0.01444334
  1289    -0.09020303
  1290    -0.04115813
  1291     0.00079694
  1292    -0.02742076
  1293    -0.06221750
  1294    -0.00923559
  1295     0.05913703
  1296    -0.00170237
  1297    -0.01527747
  1298    -0.02256944
  1299    -0.02962467
  1300    -0.02233175
  1301    -0.01479619
  1302    -0.04620076
  1303    -0.02585277
  1304    -0.08301198
  1305     0.02309748
  1306     0.00416538
  1307     0.01110806
  1308     0.07317045
  1309     0.06159043
  1310     0.00861580
  1311     0.03937112
  1312     0.07167207
  1313     0.02698796
  1314     0.02932751
  1315     0.07431241
  1316     0.05527717
  1317    -0.05119300
  1318    -0.03534102
  1319    -0.00725454
  1320    -0.02746942
  1321    -0.04730945
  1322     0.04088652
  1323    -0.00346031
  1324    -0.04030997
  1325     0.01468617
  1326    -0.01093781
  1327     0.00070029
  1328    -0.02958410
  1329     0.01464785
  1330     0.00198320
  1331    -0.01019226
  1332    -0.06869901
  1333    -0.06344323
  1334     0.06692837
  1335     0.01389563
  1336    -0.05888704
  1337     0.05233774
  1338     0.02210045
  1339     0.01250577
  1340    -0.08058041
  1341     0.00341992
  1342    -0.00396807
  1343    -0.04840318
  1344    -0.02106947
  1345    -0.02181874
  1346     0.00023412
  1347    -0.01719339
  1348     0.01168558
  1349    -0.02276477
  1350    -0.01190000
  1351    -0.01962676
  1352     0.01507533
  1353     0.00101560
  1354     0.02028538
  1355     0.03359476
  1356     0.05268775
  1357     0.04250706
  1358     0.03907387
  1359     0.04632759
  1360     0.02442746
  1361     0.07072076
  1362     0.10330929
  1363     0.06624312
  1364     0.01699445
  1365     0.05459240
  1366     0.00117064
  1367    -0.04899478
  1368    -0.04985779
  1369    -0.02505463
  1370     0.02153634
  1371     0.01701889
  1372    -0.01539951
  1373    -0.01754314
  1374    -0.00872728
  1375    -0.03332221
  1376     0.05438059
  1377     0.05480117
  1378     0.03449036
  1379    -0.00516498
  1380    -0.01422721
  1381     0.01926986
  1382    -0.05189325
  1383    -0.06580789
  1384    -0.06519861
  1385    -0.02714191
  1386     0.01473018
  1387    -0.01199094
  1388     0.03360884
  1389     0.02346991
  1390     0.03734649
  1391     0.01870416
  1392    -0.00710933
  1393     0.00397434
  1394    -0.00811517
  1395     0.00046647
  1396    -0.02938357
  1397     0.01344545
  1398    -0.01675719
  1399     0.01837762
  1400    -0.02986971
  1401    -0.03063945
  1402    -0.01998722
  1403    -0.02194609
  1404    -0.01402018
  1405    -0.02903017
  1406    -0.03249478
  1407    -0.01210078
  1408    -0.01967251
  1409    -0.02655376
  1410    -0.05672791
  1411    -0.03378474
  1412    -0.07253402
  1413    -0.07394677
  1414    -0.06321598
  1415    -0.03612614
  1416    -0.03299667
  1417    -0.01807656
  1418    -0.02359002
  1419     0.01118202
  1420     0.01097255
  1421    -0.01146788
  1422     0.03376143
  1423     0.00713265
  1424     0.01260704
  1425     0.01541059
  1426     0.01446601
  1427     0.01602010
  1428     0.01472423
  1429     0.01903602
  1430     0.01407366
  1431    -0.01386383
  1432     0.00978961
  1433     0.00118037
  1434     0.01529989
  1435     0.01007534
  1436     0.02867432
  1437     0.01715387
  1438     0.02145657
  1439    -0.05522144
  1440    -0.07483512
  1441    -0.07931667
  1442    -0.04536492
  1443    -0.01750125
  1444    -0.05711213
  1445    -0.04146926
  1446    -0.01346321
  1447    -0.04313296
  1448     0.03349840
  1449     0.03110636
  1450     0.05506672
  1451     0.01631071
  1452     0.03137497
  1453     0.01294170
  1454    -0.03848806
  1455    -0.02830853
  1456    -0.06564782
  1457     0.05121866
  1458     0.08058082
  1459     0.07148350
  1460     0.06427143
  1461     0.06125275
  1462     0.06157870
  1463     0.01135503
  1464     0.04304072
  1465     0.03158847
  1466     0.11670556
  1467     0.07634223
  1468     0.10538664
  1469     0.00752184
  1470     0.04160402
  1471     0.01929651
  1472    -0.03256990
  1473    -0.01425123
  1474    -0.04171014
  1475     0.00556892
  1476    -0.02348303
  1477    -0.01031257
  1478    -0.03305355
  1479    -0.01585888
  1480    -0.04190312
  1481    -0.03583754
  1482    -0.08274139
  1483    -0.06850397
  1484    -0.03152159
  1485    -0.02870206
  1486    -0.03810824
  1487    -0.00224734
  1488     0.02705718
  1489     0.00298751
  1490    -0.02548069
  1491    -0.01425258
  1492    -0.02306472
  1493    -0.04087893
  1494    -0.03268256
  1495    -0.05332301
  1496    -0.00498955
  1497    -0.05401122
  1498    -0.02578730
  1499     0.07281213
  1500     0.05525554
  1501     0.07193264
  1502     0.06688746
  1503     0.04811082
  1504     0.05020570
  1505     0.07084787
  1506     0.05872585
  1507     0.05226729
  1508    -0.02745022
  1509     0.01347242
  1510    -0.01899692
  1511    -0.04071286
  1512    -0.01842653
  1513    -0.02620729
  1514    -0.03147471
  1515    -0.00041269
  1516    -0.01453632
  1517    -0.00596553
  1518    -0.00261041
  1519    -0.01286559
  1520    -0.00712680
  1521    -0.03079385
  1522    -0.00733087
  1523    -0.05904386
  1524    -0.02746125
  1525    -0.04751615
  1526    -0.02236462
  1527     0.02699902
  1528     0.01578185
  1529     0.02158352
  1530     0.03681183
  1531     0.02698632
  1532    -0.02022245
  1533    -0.06792057
  1534    -0.03552029
  1535    -0.02514778
  1536    -0.03181192
  1537    -0.02355270
  1538    -0.00068631
  1539     0.00362789
  1540    -0.01038708
  1541     0.03283297
  1542     0.03932126
  1543     0.04019300
  1544    -0.07101741
  1545    -0.06113846
  1546    -0.07932710
  1547     0.00090274
  1548     0.00034236
  1549    -0.00248293
  1550    -0.02906468
  1551    -0.01704110
  1552    -0.02452846
  1553     0.00055864
  1554    -0.01243670
  1555     0.00316644
  1556    -0.02808524
  1557    -0.01308489
  1558    -0.02655795
  1559     0.04729583
  1560     0.02789176
  1561     0.01766693
  1562    -0.01095656
  1563    -0.00810107
  1564    -0.01379780
  1565     0.01497811
  1566     0.03331154
  1567     0.03101743
  1568    -0.02130162
  1569    -0.05216513
  1570    -0.03160483
  1571     0.05163681
  1572     0.03401895
  1573     0.04214026
  1574     0.01743683
  1575     0.01783674
  1576     0.03021207
  1577    -0.00466323
  1578    -0.01708081
  1579    -0.00350066
  1580     0.05431340
  1581     0.05724488
  1582     0.03818179
  1583     0.07318497
  1584     0.06597561
  1585     0.10355575
  1586    -0.00444386
  1587    -0.01039518
  1588     0.00165413
  1589     0.08020047
  1590     0.06532961
  1591     0.05466556
  1592     0.07763583
  1593     0.04719583
  1594     0.07829352
  1595    -0.07884747
  1596    -0.06776917
  1597    -0.05924129
  1598     0.07107203
  1599     0.06759317
  1600     0.05338950
  1601    -0.00720954
  1602    -0.01363835
  1603    -0.00837022
  1604     0.03942237
  1605     0.05436643
  1606     0.02848790
  1607    -0.08373855
  1608    -0.09906710
  1609    -0.10114483
  1610    -0.01898552
  1611    -0.03707976
  1612    -0.00154566
  1613    -0.01002038
  1614     0.01725521
  1615     0.02745685
  1616     0.07288594
  1617     0.07540306
  1618     0.08032205
  1619     0.07078092
  1620     0.02272653
  1621     0.03898207
  1622    -0.05636247
  1623    -0.03760983
  1624    -0.02591639
  1625     0.01035170
  1626     0.01898899
  1627     0.02162006
  1628    -0.01435920
  1629    -0.01064859
  1630     0.01369849
  1631     0.01735247
  1632     0.00628479
  1633     0.02188505
  1634     0.08226342
  1635     0.06653873
  1636     0.06629717
  1637     0.01111521
  1638     0.02764141
  1639    -0.00858587
  1640     0.02336449
  1641     0.00745418
  1642     0.00563463
  1643    -0.05854107
  1644    -0.04628019
  1645    -0.05946739
  1646    -0.03158696
  1647    -0.06107939
  1648    -0.03196096
  1649     0.02167821
  1650     0.08370042
  1651     0.04353646
  1652    -0.04636232
  1653    -0.04203676
  1654    -0.03904272
  1655     0.02162192
  1656     0.01855642
  1657     0.03186118
  1658    -0.03168741
  1659    -0.01746062
  1660    -0.03904593
  1661     0.03446971
  1662    -0.02619473
  1663     0.00859701
  1664     0.02571427
  1665     0.02530618
  1666     0.02490060
  1667     0.05669796
  1668     0.03559399
  1669     0.04121530
  1670    -0.00256519
  1671     0.00895843
  1672    -0.00364722
  1673    -0.07094438
  1674    -0.04797192
  1675    -0.06981729
  1676    -0.01115817
  1677    -0.02566693
  1678    -0.00551544
  1679    -0.00047963
  1680     0.02966052
  1681     0.02213021
  1682    -0.04942990
  1683    -0.03998799
  1684    -0.02427571
  1685    -0.05472098
  1686    -0.06680925
  1687    -0.05661721
  1688     0.04342611
  1689     0.04345132
  1690     0.04543413
  1691    -0.03325508
  1692    -0.00005258
  1693    -0.04750375
  1694     0.05369437
  1695     0.04066965
  1696     0.04413284
  1697    -0.01886389
  1698    -0.00137006
  1699    -0.00573690
  1700     0.00486455
  1701     0.00254241
  1702    -0.01422856
  1703    -0.00743515
  1704    -0.00243231
  1705    -0.01487429
  1706    -0.04917805
  1707    -0.03428939
  1708    -0.04420077
  1709     0.00328673
  1710    -0.02292179
  1711     0.00064447
  1712    -0.02699539
  1713    -0.01268890
  1714    -0.02223765
  1715    -0.00147009
  1716    -0.01027082
  1717    -0.00125917
  1718     0.03129378
  1719     0.02444991
  1720     0.01996644
  1721    -0.04751849
  1722    -0.03947488
  1723    -0.04268493
  1724    -0.01866064
  1725    -0.03170795
  1726    -0.02317172
  1727    -0.01068416
  1728    -0.03513572
  1729    -0.02682782
  1730     0.01157602
  1731     0.02253366
  1732     0.02690312
  1733    -0.08066619
  1734    -0.04518665
  1735    -0.07085248
  1736     0.01329518
  1737    -0.01436497
  1738    -0.01429030
  1739    -0.02922217
  1740    -0.02142379
  1741    -0.03290888
  1742    -0.06381834
  1743    -0.05491317
  1744    -0.04086708
  1745    -0.00966411
  1746    -0.00056975
  1747    -0.01528852
  1748    -0.00413928
  1749     0.00404123
  1750    -0.01189879
  1751    -0.04836744
  1752    -0.05579146
  1753    -0.05020474
  1754     0.05597228
  1755     0.06254539
  1756     0.05593772
  1757    -0.01599379
  1758    -0.01819353
  1759    -0.02480897
  1760    -0.02088951
  1761    -0.05322950
  1762    -0.03756703
  1763     0.05238065
  1764     0.06171712
  1765     0.06868292
  1766    -0.03796435
  1767    -0.01455338
  1768    -0.02216282
  1769     0.02512594
  1770    -0.02082698
  1771    -0.00983783
  1772     0.03970937
  1773     0.02569924
  1774     0.03360808
  1775     0.01808969
  1776     0.01818049
  1777     0.01226289
  1778     0.01450813
  1779     0.01259447
  1780     0.01155154
  1781    -0.06371621
  1782    -0.03113884
  1783    -0.04837777
  1784     0.01123754
  1785    -0.00798328
  1786    -0.01281954
  1787     0.03803928
  1788     0.02000798
  1789     0.04738909
  1790    -0.02990057
  1791    -0.01580213
  1792    -0.03612205
  1793     0.01540020
  1794     0.01387408
  1795     0.03883755
  1796    -0.04647292
  1797    -0.02126589
  1798    -0.04023257
  1799     0.00430226
  1800     0.00785639
  1801     0.02327713
  1802     0.01172007
  1803    -0.00323173
  1804    -0.00670299
  1805     0.01904685
  1806     0.00065443
  1807     0.01055124
  1808    -0.00667925
  1809     0.00311958
  1810    -0.00166937
  1811     0.01311049
  1812     0.00818303
  1813     0.01644461
  1814    -0.00000557
  1815     0.02405320
  1816     0.00664754
  1817    -0.08524726
  1818    -0.09809965
  1819    -0.08780954
  1820    -0.02214464
  1821     0.01539407
  1822    -0.00176244
  1823    -0.03481002
  1824    -0.02765635
  1825    -0.01724886
  1826    -0.00008575
  1827    -0.03721979
  1828     0.01099459
  1829    -0.05123934
  1830    -0.02273429
  1831    -0.04406579
  1832     0.05213398
  1833    -0.00510478
  1834     0.06022998
  1835     0.00409263
  1836    -0.01926453
  1837     0.00826530
  1838    -0.02188882
  1839    -0.00454364
  1840    -0.04014228
  1841     0.02511499
  1842     0.03607580
  1843     0.01779821
  1844     0.03726156
  1845     0.05280504
  1846     0.03976733
  1847     0.06173055
  1848     0.04635996
  1849     0.06536718
  1850     0.00715371
  1851    -0.02058439
  1852    -0.01226658
  1853    -0.00831838
  1854    -0.01295493
  1855     0.02546589
  1856     0.00697270
  1857    -0.00073521
  1858     0.03986873
  1859     0.06347242
  1860     0.03755331
  1861     0.05135707
  1862    -0.03920016
  1863    -0.07430062
  1864    -0.02431213
  1865    -0.00769642
  1866     0.05155921
  1867    -0.01906784
  1868     0.03254649
  1869     0.01505632
  1870     0.03253846
  1871     0.02083546
  1872     0.06532545
  1873     0.05737592
  1874    -0.02787717
  1875    -0.08243097
  1876    -0.05652536
  1877     0.05357173
  1878     0.05276223
  1879     0.04286827
  1880    -0.02906918
  1881     0.05319495
  1882     0.00764046
  1883     0.02395862
  1884    -0.00565361
  1885     0.01931453
  1886     0.03926473
  1887     0.05032955
  1888     0.02977475
  1889     0.05846524
  1890     0.06593118
  1891     0.06273924
  1892    -0.01119075
  1893    -0.02305627
  1894    -0.02317367
  1895     0.02814450
  1896    -0.00209533
  1897     0.00828479
  1898    -0.07185312
  1899    -0.00995359
  1900    -0.04285709
  1901     0.09274406
  1902     0.07364771
  1903     0.10251190
  1904     0.05164990
  1905     0.07888824
  1906     0.04799325
  1907     0.07260028
  1908     0.05005186
  1909     0.07427808
  1910    -0.03619044
  1911    -0.03553440
  1912    -0.03723771
  1913     0.02895629
  1914     0.01151235
  1915     0.01368883
  1916    -0.00266829
  1917    -0.02185323
  1918    -0.00641488
  1919    -0.06317091
  1920    -0.04747757
  1921    -0.05616665
  1922     0.01740381
  1923     0.00642144
  1924     0.02441300
  1925    -0.03956192
  1926    -0.04837960
  1927    -0.04294847
  1928     0.03542566
  1929     0.04306744
  1930     0.03975991
  1931    -0.01638776
  1932    -0.00486003
  1933    -0.01351709
  1934    -0.00242793
  1935    -0.02122137
  1936    -0.00422272
  1937    -0.04432355
  1938    -0.01688565
  1939    -0.03503076
  1940     0.03630654
  1941     0.02205234
  1942     0.06136341
  1943    -0.06521415
  1944    -0.08802069
  1945    -0.08382768
  1946     0.02909539
  1947     0.08994256
  1948     0.06459257
  1949    -0.06118805
  1950    -0.02311572
  1951    -0.03624734
  1952    -0.01507337
  1953    -0.01989163
  1954    -0.02692998
  1955    -0.04349376
  1956     0.02514540
  1957     0.00091992
  1958    -0.01073461
  1959    -0.00613295
  1960    -0.00196296
  1961     0.08215234
  1962     0.04233986
  1963     0.07480035
  1964    -0.02438959
  1965    -0.08740437
  1966    -0.06145110
  1967     0.02213704
  1968     0.00196185
  1969     0.00380818
  1970    -0.01938699
  1971    -0.01051438
  1972    -0.02584160
  1973    -0.04730932
  1974    -0.05243132
  1975    -0.05650968
  1976     0.00639536
  1977     0.00101739
  1978     0.01802352
  1979    -0.01526668
  1980    -0.04063794
  1981    -0.02252061
  1982    -0.04251607
  1983    -0.02933113
  1984    -0.04240764
  1985     0.01402093
  1986    -0.00458248
  1987     0.01664580
  1988    -0.05381172
  1989    -0.09446312
  1990    -0.08698849
  1991     0.04449003
  1992    -0.00960598
  1993     0.01536848
  1994    -0.02814108
  1995    -0.00531270
  1996    -0.00565640
  1997    -0.00840830
  1998     0.02631212
  1999    -0.00362289
  2000     0.06174454
  2001     0.03914550
  2002     0.05360328
  2003     0.04163135
  2004     0.05461413
  2005     0.04345655
  2006     0.00129050
  2007     0.00895741
  2008    -0.00199989
  2009     0.02702637
  2010    -0.00200166
  2011     0.01915916
  2012     0.06476501
  2013     0.08897783
  2014     0.09278067
  2015    -0.01154955
  2016     0.00888534
  2017     0.00603849
  2018     0.03370909
  2019     0.03587399
  2020     0.05066298
  2021     0.04648001
  2022     0.06543497
  2023     0.03873739
  2024     0.09836946
  2025     0.04821423
  2026     0.07861436
  2027    -0.06711840
  2028    -0.06114130
  2029    -0.06708818
  2030     0.00929270
  2031    -0.01671104
  2032    -0.00905154
  2033    -0.00482022
  2034    -0.02578064
  2035    -0.01043564
  2036    -0.06717920
  2037    -0.07314728
  2038    -0.07778994
  2039    -0.00598463
  2040    -0.02335496
  2041    -0.00435190
  2042     0.08157854
  2043     0.02249235
  2044     0.05957126
  2045    -0.03755945
  2046    -0.03987262
  2047    -0.04238507
  2048     0.00193192
  2049    -0.02735725
  2050    -0.00935639
  2051     0.00837917
  2052    -0.01065235
  2053     0.01177350
  2054     0.00488766
  2055     0.01378792
  2056     0.00780615
  2057     0.01913393
  2058     0.00731219
  2059     0.02031695
  2060     0.02445319
  2061    -0.02385844
  2062    -0.00529217
  2063     0.00803912
  2064    -0.01424877
  2065     0.00433097
  2066    -0.05191495
  2067    -0.01714378
  2068    -0.03936226
  2069    -0.04679349
  2070    -0.00846300
  2071    -0.02178383
  2072    -0.05238582
  2073     0.00614836
  2074    -0.04485697
  2075    -0.00444709
  2076    -0.03750422
  2077    -0.00493223
  2078     0.05287281
  2079     0.06681180
  2080     0.06974451
  2081    -0.00024263
  2082     0.00884742
  2083    -0.01850780
  2084     0.00800272
  2085    -0.05399867
  2086    -0.03232874
  2087     0.03488835
  2088     0.03376231
  2089     0.04512154
  2090     0.02618958
  2091     0.03682216
  2092     0.02969636
  2093     0.03721693
  2094     0.00893231
  2095     0.01327429
  2096    -0.03405530
  2097    -0.06093971
  2098    -0.06177081
  2099     0.04411867
  2100     0.04173475
  2101     0.04056870
  2102    -0.07528675
  2103    -0.03209054
  2104    -0.05237270
  2105    -0.05222601
  2106    -0.03661341
  2107    -0.05452832
  2108    -0.03621322
  2109    -0.04253871
  2110    -0.02979186
  2111    -0.03053113
  2112    -0.02479650
  2113    -0.02603329
