 //           1           1
vertices
    1             2.049078439421218             7.342478132520858           -12.682059139757135
    2            -3.496489706050245             5.692531473405418           -13.164081194407318
    3             3.017109033075139             3.985931967936004           -14.755310077273547
    4             3.345331028231834             1.950054196855914           -12.877365784328340
    5            -0.800961558238956             6.069322227981976            -8.680552924665664
    6             3.246034013768310             2.478840360049458           -13.735348876219309
    7            -2.615868758552133             1.029805240832321           -11.247620096348180
    8            -3.773203345545091             5.229487503172723           -12.395255871603267
    9             0.652950858565667             5.775401388067386            -8.488574189947037
   10             3.650467118693257             3.159412762095047           -10.559947884799223
   11             0.846933755481562             7.765830991269774           -13.295690302799471
   12             0.785126922087756             2.012107223868663           -15.428749815824080
   13            -3.587550119391202             2.528926508063611           -10.904961634315587
   14             1.293999209816358             7.465281420402878           -11.083637454023679
   15             3.692018825989475             4.946813424260690           -12.875794195675935
   16            -3.858920521863393             3.466938158521805           -12.418081558370707
   17             1.914935526286983             7.472071521306899           -11.829259518716770
   18             2.620218744213112             1.863482264854118           -14.141881903496976
   19             0.174131800656795             3.935187919561791           -16.188272073047486
   20             3.877516660511286             3.537006257474564           -12.706906044193152
   21             2.104377421775550             0.660291337899556           -12.877032021500797
   22            -3.251352262836402             2.187282161250125           -13.106140035412542
   23            -1.708003476203187             7.559278555279397           -12.735076885393765
   24            -2.934103807553021             6.526983345702188           -13.150602230726001
   25            -1.653758450627131             6.194848822160756           -15.078204526077068
   26            -3.178609919372841             2.553517733079012           -13.861051651054748
   27            -0.488365444087574             5.486768417004951           -15.877505782823349
   28            -2.689196931127735             1.806781687497218           -13.638686437136315
   29             3.569954241600436             2.729434822539142           -12.909128033001746
   30             3.624609412826484             5.191628864529927           -11.116562576463517
   31             0.342020646922573             2.622524585417182            -8.346541383969381
   32             1.533393191895446             3.644686150408712            -8.386837652473195
   33            -2.774126295083886             5.033614905714323            -9.295554439345800
   34             3.016180627337409             3.814065936182275            -9.394556558682536
   35             1.641052028825323             7.394949388164218           -13.417351332238400
   36             3.347833719855796             5.303659759019411           -10.246700491353470
   37            -2.529088828772809             2.186856046954413           -14.399679258943921
   38             3.352071968999695             5.590289730545653           -13.347353839272166
   39            -3.162420996773644             1.718469658138767           -11.042636166745327
   40            -0.775081924595360             6.650757546997021            -9.184065254199645
   41             1.307220974012896             0.259946303228075           -12.913467078351738
   42            -2.122758956299042             7.108627874423291           -13.485335116777874
   43             0.848698657453610             0.064004803359703           -12.127792257117642
   44            -2.040510838072390             5.338116238184663            -8.709303641961110
   45             0.453595627895546             0.081985028434583           -12.895524845847468
   46            -3.386877904748754             5.174779521631720           -13.846685736533130
   47             3.882693994981596             3.741680275238538           -10.955852120191388
   48            -2.024910997276908             1.485706955248360           -14.199829626558477
   49            -1.576176449227365             6.108378959708972            -9.010971421190508
   50            -0.898069140097363             0.336002709204342           -13.501538478580752
   51            -1.060798666281045             1.149169395476589            -9.491191673043431
   52             1.528033703247284             2.296064049209555           -15.264997446646278
   53             0.426431418059343             0.076467909161084           -11.362522387417036
   54            -0.301131390264460             7.954003672508154           -12.319928457610500
   55            -0.386068758023423             1.189687625418865           -14.894216324296048
   56            -1.989923561726684             0.791697760108339           -10.694236913708382
   57             0.389879059967630             4.970450460215644            -8.190317929673729
   58             1.474974516698642             7.007006835862846           -10.289086818708213
   59             3.768704381484353             2.825261681827820           -11.324638051190497
   60            -2.822521483054406             5.401948474915618           -14.537387186158972
   61            -2.436742051840591             3.718347435157632            -8.891052732092733
   62             3.683015735817197             4.543923075673461           -10.559629924713869
   63             2.174432375774011             5.948465922676538            -9.443582729725113
   64            -3.413245699951724             2.955226226013918           -10.174007731948148
   65            -3.558734966880154             2.168393898341550           -11.670570882774033
   66            -1.119581355949988             7.852657060567454           -12.068785179637800
   67             1.186183195774794             6.963232879435937           -14.634370586966627
   68             0.365612980910303             0.726885949274302            -9.831523156889345
   69             3.398293742564528             2.439119646002385           -10.566207923773984
   70            -3.359347893826215             1.885357878995391           -12.412834583797716
   71            -1.076793947245497             6.782624317418942           -14.814001824095852
   72            -1.386688430800911             7.510904934759106           -13.408337790834295
   73             1.890408157268440             1.327551132869635           -14.277167203143669
   74            -2.485021634451161             6.942657588562275           -11.717446368702381
   75             2.116086233648354             6.508647187120592           -10.161300631279399
   76            -3.078391965846240             6.301144606901622           -11.601778447730924
   77            -3.758678588358725             3.882798263286693           -13.197197055441901
   78             2.881543216436552             2.313314867617007            -9.844933246657927
   79             1.736453034395595             0.358094302556032           -12.123620990790052
   80             0.990257718481520             4.317756854692570            -8.198111382519677
   81             0.501319704421163             1.310091203198404           -14.956751926262415
   82             1.153078227852861             0.898072144472406            -9.849043577166242
   83            -3.079743696636093             2.112287121854733           -10.289656491334984
   84             3.825917399768088             2.969997496821167           -12.139984786929837
   85             1.339389058850653             1.574926869571993           -14.886508725058748
   86             0.793992855236733             6.949319858735323            -9.760303914510677
   87            -1.289213607267389             0.341076298019555           -11.023332457294606
   88             1.044032647083959             7.803692463213159           -11.746774097002854
   89             1.028987847610048             5.936840721005111           -15.562631551229712
   90            -1.365296085711665             5.518477267757392           -15.587906778542832
   91            -0.453337677039730             7.889840883381039           -11.444509592036029
   92             0.803025874312271             7.372560604651000           -10.463779804391811
   93             0.675323030502796             6.605514827210294           -15.191615711434178
   94            -2.260087637396097             0.800779358099273           -12.791354848542367
   95             1.336759263393142             5.169079101356778           -15.812719937969533
   96             0.761616682488411             4.575986737312386           -16.131141143130186
   97             3.255087710192965             4.590088005090176            -9.735412530061527
   98            -0.799708072815171             6.171525305607121           -15.403864499117484
   99            -1.068886031740857             0.129857196782466           -11.822216497842824
  100             0.372307232863985             7.790264325516122           -10.985877009308123
  101             2.655670861447336             6.944338896686923           -12.405679960735846
  102             1.281443998547976             5.142093519640293            -8.426425387867070
  103             2.752588152690559             2.572394515600383           -14.581950228690639
  104             1.517376948259989             6.516760867820559            -9.525042344056802
  105             1.029160896297721             3.717658857447832           -16.060041216688187
  106            -3.711044261028583             4.297492822805031           -10.799873979730679
  107             3.172538074866277             6.335987793296873           -12.354590428262650
  108            -3.340919350108542             4.689467442561539           -10.018602196490690
  109             2.095266994797367             4.858878155937109           -15.463794156241848
  110             3.241055320591577             3.079244294975267            -9.875052646029578
  111             3.580697815405452             2.264299604168933           -12.078351607362846
  112            -1.914089930806082             0.510121270736698           -11.516058135824077
  113             1.624503333819358             0.638779113556632           -10.627808371287703
  114            -3.088452200755032             5.879870995388228           -10.856147654444770
  115            -0.222990636084246             5.565514458805914            -8.354926587421231
  116            -1.100832096884969             3.227094491217071           -15.842124021174399
  117            -2.823623600644030             1.398683279894217           -12.809656046817510
  118            -3.515764487932218             4.278086880908340           -13.915259312445119
  119             2.943215102284614             1.725809370999675           -13.469103859217444
  120            -1.394188474495428             6.790706438387732            -9.694787079462190
  121            -3.858401401261016             3.007653293344720           -11.628527698422921
  122            -1.452846083002673             2.511172654013347           -15.448952259799862
  123            -3.613467148780305             3.015185022549928           -13.196541095062162
  124             0.072377273731147             1.833585711865893            -8.728198549242373
  125             0.260784648575632             2.501754133864962           -15.829750383223663
  126             3.435288085523647             4.081028433772960           -14.016908028663202
  127             3.395540916006114             1.947350020700767           -11.300586098608790
  128             2.621301353825639             6.478577195455605           -13.926599869924571
  129            -2.625433402406472             4.715910075798962           -15.070463936231153
  130            -1.336961389828428             2.373276697671181            -8.685725317043739
  131            -1.042163114130749             4.774541049399462           -15.938514700092581
  132            -3.057420188113526             3.396865732232210            -9.505536592266200
  133             1.292220199795208             0.265041679543187           -11.359986859700710
  134            -3.825242324365071             4.796359855954217           -13.186643014771361
  135             2.367661393482090             1.104165249945312           -10.620953253588482
  136            -2.507491696928987             2.999374310364126            -9.102678819260875
  137             3.726056492777610             5.063765500621452           -12.007291224375951
  138            -0.661916714997870             7.213591981750019            -9.869798873977057
  139            -0.975937960543015             0.120174511436719           -12.620005402959862
  140            -3.912306366392535             3.890457520061678           -11.604032532194037
  141            -2.136098920190679             5.468901013969505           -15.115478329000618
  142             1.195167399353936             2.809567476003294           -15.756351798667200
  143            -1.626282891195284             1.711644729698512            -9.229987469808735
  144            -1.532053499150881             4.021233544074966           -15.857325607010287
  145             0.770407198731413             6.434577966797519            -9.075722850842656
  146            -1.161034670784985             5.435094339983817            -8.480718531838722
  147            -0.127976077048910            -0.023170790554579           -12.122980245187213
  148             3.917563425055150             4.437740975694719           -11.443851190068250
  149            -0.042237243059460             0.354383244373197           -13.658933963318349
  150             3.537354254298372             3.341925506506843           -13.502961645146643
  151             0.900650299928462             2.000833194102035            -8.752420609607629
  152             2.242564199273642             2.236501640492518            -9.268453073325302
  153            -0.298753943812350             3.188344958332206           -16.051637184493806
  154            -0.194198058307246             1.182285994079951            -9.262155047938261
  155             0.506926761742048             3.181676090846728           -16.084811770329416
  156             0.113169520746792             7.412412707744410           -10.152901353141221
  157             2.333206734234800             6.166087200643983           -14.617345184245540
  158             1.897600281994924             6.905875556969578           -14.175980029728860
  159            -1.506600713272998             0.799124049268093           -13.953925297767098
  160             3.252310066868767             5.928505678169047           -10.880924888956283
  161             0.222792580054313             0.785819499317597           -14.329576710780406
  162             2.111391683774785             0.654933358279229           -11.355762544174292
  163            -3.671056233165615             2.640482779115155           -12.420247058824941
  164             0.039662622783025             6.884069421147109            -9.421664612035370
  165            -3.420760904129075             6.044585794605936           -12.408867399299462
  166             0.076628343070199             4.145758597747507            -8.077707830137083
  167             0.211683533178105             7.615586904422436           -13.912264075422900
  168             3.044651423066214             6.351667763997652           -13.200206363500163
  169            -1.842774335470839             7.434949445692850           -11.902730794882759
  170             1.365990825646662             7.671558286540584           -12.559835928516740
  171            -1.307512508088137             7.277182802840874           -10.456285490159257
  172            -0.211567220749076             6.729651869242488           -15.072002219401920
  173            -2.018576692227189             6.814081774525831           -10.335675160593139
  174            -0.225118470974496             3.298705718020428            -8.154240158943759
  175            -0.869831440678143             7.859662975686975           -12.893206476599779
  176            -2.579254521010936             1.394490192586846           -10.454175279511295
  177             2.976875917242004             6.446491271413386           -11.613281562462726
  178            -3.468791574184692             3.421580421289343           -13.976004204469094
  179             0.791372916230646             0.497043780417016           -13.641317083752547
  180             0.842491563587716             0.394600538767447           -10.574929046276919
  181             2.683743146664751             4.597276645785441           -15.063431106370842
  182            -2.406334186422001             1.826345659548158            -9.727941668201682
  183            -1.880945131619127             4.783931591147279           -15.591303055611860
  184            -2.529165220480980             6.562100179627974           -13.881360720726033
  185            -0.308546916510911             0.059418467091552           -12.945994795471350
  186            -1.853821774343444             3.064188591726201            -8.653129781281365
  187            -0.688655453058847             0.352956317371284           -10.573728524375490
  188             1.995175934831966             7.053445705013911           -10.943078482181926
  189            -2.111741214883248             2.349337966240061            -9.111718748015189
  190            -1.777934506314094             1.926372849121480           -14.883242767463015
  191            -0.014312932754750             6.305621062422129            -8.784521859426874
  192            -0.151424610714640             4.717764872933857           -16.123461275595261
  193             1.600072901444325             2.261814113080260            -8.855925194720070
  194            -3.106006344901550             4.669549401341389           -14.438302271198516
  195            -2.848318715151619             2.549106012787396            -9.631476765674908
  196             3.013242234474241             5.729141313057903           -14.075138564890297
  197             2.570853722780237             5.390367805374059           -14.835977573246074
  198             1.622655112262830             0.719416826944015           -13.646316434694102
  199             2.105838196157257             2.061883341428555           -14.790706678829549
  200             0.258893210525491             7.887469419532824           -11.761640288293391
  201            -2.961226569269312             2.978725190571596           -14.561195379453878
  202             3.475702942214943             4.920091292160224           -13.732139555999783
  203             2.389094705316412             6.953683474548911           -13.329329220588503
  204            -0.636360996872457             2.443436090059036           -15.750054052317592
  205             2.107869383528430             2.887147077042351           -15.302009866013835
  206             3.179728744306993             1.494662945230338           -12.070589231260904
  207             1.075821863646538             0.984772390939470           -14.318093746916084
  208             2.336482074929255             3.752149332383976            -8.816209932074994
  209            -0.827434228879510             3.992683822056372            -8.159127751640474
  210            -1.877900079460002             6.748125949838037           -14.373130311434444
  211             1.841464432745909             1.126119000819544            -9.986684381092886
  212            -3.041774139348498             5.963455819149472           -13.874683509337537
  213            -1.961829171659379             7.205726130009666           -11.072524212361769
  214             3.442366495400770             5.781616184652319           -11.722561215539388
  215             2.621169182000961             4.552408161048366            -9.056286967117666
  216             2.764179008450443             5.296261773280837            -9.518186592695175
  217             1.716014701756327             3.480333898200162           -15.724250765684380
  218             0.385482792954190             7.177259740732349           -14.602411299759735
  219            -3.041293550918473             3.908356465389275           -14.688583641553510
  220             0.060017959317244             0.305322763942278           -10.566556672962857
  221            -2.638229254429545             6.640889819844187           -10.925156638081704
  222             2.521314585926235             0.847605870773006           -12.089870983506989
  223            -2.241669578836193             2.628033236339117           -15.059035124671173
  224            -3.793475046190401             3.415980024810111           -10.831280008442175
  225            -0.661085456029927             0.707853986657511           -14.236180097724613
  226            -3.002748967314891             5.455816062094876           -10.066193643626510
  227            -0.424565970595444             0.085261034498221           -11.298734829820370
  228             2.741845243651573             3.281292178676580           -14.973440274201645
  229             2.743798063634315             5.926425837335706           -10.143982939092693
  230             2.828577062634132             1.229610167040439           -11.321774235268386
  231            -3.734477325437857             4.746079062532707           -11.599294358896065
  232            -2.581208805296240             3.365874592923141           -15.113678385188388
  233            -0.537674412763458             7.702852004801522           -10.631880665647824
  234            -1.897888421069093             3.268730682973499           -15.579405408372438
  235            -1.319572385054177             7.243732597523395           -14.103868813199467
  236             0.439621908186523             5.367244143449080           -15.943493164622589
  237             3.462914048263419             5.707485265016348           -12.598489244889493
  238            -3.830819944557410             4.341337878636939           -12.402167955488482
  239            -2.325375081635440             4.039057933507050           -15.391216854870400
  240            -2.374438017007536             7.093613703733937           -12.619713651274509
  241            -0.454280407455961             7.272378437879059           -14.433693041711145
  242             2.775950216604142             1.240351033823111           -12.804399722985190
  243            -3.106167865561821             1.391013173867115           -11.875547868651827
  244            -1.873191281797328             1.206450566291263            -9.915773460804058
  245            -0.962019605939558             1.788357128126197           -15.259337975136386
  246            -0.506822625075729             2.471519954391808            -8.431117816559075
  247             1.556921128307232             1.571208247161188            -9.322525723988857
  248            -2.404551648441549             6.100710791708789           -14.578473321106699
  249            -1.675582701549841             3.863431269688399            -8.435767776692465
  250            -2.010304216802091             6.351916347357601            -9.667321758783503
  251             1.477303109402141             5.913682401023205            -8.854962581870481
  252             3.937149929098285             4.314976292174535           -12.350941353822801
  253            -1.228911372129070             7.631551056763264           -11.238324954427746
  254             3.989975270186064             3.633903774777699           -11.787136175648474
  255            -0.459445276146259             0.688910058861101            -9.901422421581630
  256            -1.286310146884949             0.709787191430215           -10.206693093547576
  257            -2.916092693275219             6.628839783689989           -12.339717376440205
  258             3.606275550529061             3.855477229947314           -10.067776227799323
  259            -0.620058732572136             7.637223861410712           -13.699108032304549
  260            -1.751159098803345             0.363678032969859           -12.312843476947622
  261            -3.462159277424257             5.120173020920571           -10.805491601250507
  262            -0.786012748525780             1.736265403303251            -8.888953886387725
  263             2.461855893365374             6.962463415033306           -11.552762395990083
  264            -1.447292220641583             4.668031913151278            -8.379512044159579
  265             1.853961759972657             4.462984909237631            -8.533957590635556
  266             3.194600751189712             3.243889804043094           -14.247168063548866
  267             0.675830538923070             1.309314806138667            -9.215852901207873
  268             1.581261653315784             6.436446704181512           -14.988396641877099
  269            -2.390000732005953             5.762538812818605            -9.403836464280392
  270             2.362354935109910             1.648577607261835            -9.865931509707133
  271            -3.527284227454173             5.579217483878303           -11.594723146264894
  272            -2.266159166656620             4.499489484721222            -8.777821190776958
  273             1.603002238398667             4.315848825311916           -15.850092530695697
  274             1.090094731851321             7.408932706640416           -14.037469764492103
  275            -2.981003954407101             4.222836092406231            -9.363364032033399
  276            -0.017907036529715             7.853839725200755           -13.128850448214253
  277             3.134536483093818             4.851090258672675           -14.435549113792769
  278            -3.550615874141636             3.841145473143952           -10.043674325639920
  279            -0.543209848248119             4.803458421425447            -8.168322870922715
  280            -1.634244589323859             0.469382189903545           -13.169266466635907
  281            -0.081724187234821             1.799433491182484           -15.444872277083990
  282             2.680182371187458             3.013125709047222            -9.257367803795082
  283            -2.600796030310933             6.169611283455123           -10.201261294315472
  284            -1.078191730407739             3.162663385592645            -8.324010209506914
  285             2.949007717196753             1.725251327251259           -10.559327916101809
  286             1.168651778413590             2.834222401123101            -8.439355760256548
  287             0.103198628140402             6.080765879885738           -15.578519485646741
  288             2.349904911484876             1.163320382770670           -13.577550634929908
  289            -0.687396557623887             3.988172456513419           -16.088044501199121
  290             2.649980467171847             6.508490911533002           -10.813506657117850
  291            -1.274898492515437             1.214194147126685           -14.674622718701455
  292            -2.511513833985143             0.839316946673243           -12.083268784844961
  293             0.656138612764432             3.474116810626291            -8.168602430186581
  294             1.875993160348687             5.705564605511109           -15.295996713571217
  295             2.335240393036366             3.890519716373002           -15.416257732579410
  296             2.103398140812647             5.265418610863480            -8.857672644512355
  297             1.986637197076970             2.974544530314990            -8.759429048267286
  298             0.566228915435100             7.887661993563479           -12.502650496087810
  299            -2.212524785255006             1.116985262949421           -13.471756719858501
  300             3.762538843741868             4.187217785929252           -13.237414847551129

edges
      1      1    170   color     8
      2      1    101   color     8
      3      1     35   color     8
      4      1     17   color     8
      5      1    203   color     8
      6    170     17   color     8
      7     17    101   color     8
      8    101    203   color     8
      9    203     35   color     8
     10     35    170   color     8
     11      2    165   color     8
     12      2    212   color     8
     13      2      8   color     8
     14      2     46   color     8
     15      2     24   color     8
     16      2    134   color     8
     17     24    212   color     8
     18    212     46   color     8
     19     46    134   color     8
     20    134      8   color     8
     21      8    165   color     8
     22    165     24   color     8
     23      3    181   color     8
     24      3    126   color     8
     25      3    228   color     8
     26      3    266   color     8
     27      3    277   color     8
     28      3    295   color     8
     29    277    126   color     8
     30    126    266   color     8
     31    266    228   color     8
     32    228    295   color     8
     33    295    181   color     8
     34    181    277   color     8
     35      4    119   color     8
     36      4     29   color     8
     37      4    111   color     8
     38      4    206   color     8
     39      4    242   color     8
     40    111    206   color     8
     41    206    242   color     8
     42    242    119   color     8
     43      6      4   color     8
     44     29    111   color     8
     45      5    146   color     8
     46      5     40   color     8
     47      5     49   color     8
     48      5    191   color     8
     49      5    115   color     8
     50     40     49   color     8
     51     49    146   color     8
     52    146    115   color     8
     53    115    191   color     8
     54    191     40   color     8
     55      6    119   color     8
     56      6     29   color     8
     57      6    266   color     8
     58      6    103   color     8
     59      6    150   color     8
     60     18      6   color     8
     61    103    266   color     8
     62    266    150   color     8
     63    150     29   color     8
     64      7    176   color     8
     65      7    112   color     8
     66      7     56   color     8
     67      7    243   color     8
     68      7     39   color     8
     69      7    292   color     8
     70    243    292   color     8
     71    292    112   color     8
     72    112     56   color     8
     73     56    176   color     8
     74    176     39   color     8
     75     39    243   color     8
     76      8    238   color     8
     77      8    231   color     8
     78      8    271   color     8
     79    134    238   color     8
     80    238    231   color     8
     81    231    271   color     8
     82    271    165   color     8
     83      9    102   color     8
     84      9    251   color     8
     85      9    191   color     8
     86      9    115   color     8
     87      9     57   color     8
     88      9    145   color     8
     89    251    145   color     8
     90    145    191   color     8
     91    115     57   color     8
     92     57    102   color     8
     93    102    251   color     8
     94     10     47   color     8
     95     10     69   color     8
     96     10     59   color     8
     97     10    110   color     8
     98     10    258   color     8
     99     69     59   color     8
    100     59     47   color     8
    101     47    258   color     8
    102    258    110   color     8
    103    110     69   color     8
    104     11    274   color     8
    105     11    170   color     8
    106     11    298   color     8
    107     11    276   color     8
    108     11     35   color     8
    109     11    167   color     8
    110    167    276   color     8
    111    276    298   color     8
    112    298    170   color     8
    113     35    274   color     8
    114    274    167   color     8
    115     12    125   color     8
    116     12     52   color     8
    117     12     81   color     8
    118     12    281   color     8
    119     12     85   color     8
    120     12    142   color     8
    121    281    125   color     8
    122    125    142   color     8
    123    142     52   color     8
    124     52     85   color     8
    125     85     81   color     8
    126     81    281   color     8
    127     13     64   color     8
    128     13     65   color     8
    129     13    121   color     8
    130     13     83   color     8
    131     13    224   color     8
    132     13     39   color     8
    133     83     64   color     8
    134     64    224   color     8
    135    224    121   color     8
    136    121     65   color     8
    137     65     39   color     8
    138     39     83   color     8
    139     14     92   color     8
    140     14     88   color     8
    141     14    188   color     8
    142     14     17   color     8
    143     14    100   color     8
    144    188     17   color     8
    145     17     88   color     8
    146     88    100   color     8
    147    100     92   color     8
    148     58     14   color     8
    149     15    300   color     8
    150     15    237   color     8
    151     15    202   color     8
    152     15    137   color     8
    153     15    252   color     8
    154     15     38   color     8
    155    252    300   color     8
    156    300    202   color     8
    157    202     38   color     8
    158     38    237   color     8
    159    237    137   color     8
    160    137    252   color     8
    161     16     77   color     8
    162     16    163   color     8
    163     16    121   color     8
    164     16    238   color     8
    165     16    140   color     8
    166    121    140   color     8
    167    140    238   color     8
    168    238     77   color     8
    169    123     16   color     8
    170    163    121   color     8
    171     17    263   color     8
    172    170     88   color     8
    173    188    263   color     8
    174    263    101   color     8
    175     18    119   color     8
    176     18    199   color     8
    177     18    103   color     8
    178     18     73   color     8
    179     18    288   color     8
    180    119    288   color     8
    181    288     73   color     8
    182     73    199   color     8
    183    199    103   color     8
    184     19    155   color     8
    185     19    192   color     8
    186     19    289   color     8
    187     19     96   color     8
    188     19    153   color     8
    189     19    105   color     8
    190    153    289   color     8
    191    289    192   color     8
    192    192     96   color     8
    193     96    105   color     8
    194    105    155   color     8
    195    155    153   color     8
    196     20     84   color     8
    197     20    252   color     8
    198     20    150   color     8
    199     20    300   color     8
    200     20    254   color     8
    201     20     29   color     8
    202    252    254   color     8
    203    254     84   color     8
    204     84     29   color     8
    205    150    300   color     8
    206     21    222   color     8
    207     21     41   color     8
    208     21    288   color     8
    209     21     79   color     8
    210     21    198   color     8
    211     21    242   color     8
    212     79     41   color     8
    213     41    198   color     8
    214    198    288   color     8
    215    288    242   color     8
    216    242    222   color     8
    217    222     79   color     8
    218     22     26   color     8
    219     22     70   color     8
    220     22    123   color     8
    221     22     28   color     8
    222     22    117   color     8
    223     22    163   color     8
    224     28    117   color     8
    225    117     70   color     8
    226     70    163   color     8
    227    163    123   color     8
    228    123     26   color     8
    229     26     28   color     8
    230     23    169   color     8
    231     23     72   color     8
    232     23    240   color     8
    233     23    175   color     8
    234     23     66   color     8
    235     23     42   color     8
    236    175     72   color     8
    237     72     42   color     8
    238     42    240   color     8
    239    240    169   color     8
    240    169     66   color     8
    241     66    175   color     8
    242     24    184   color     8
    243     24    257   color     8
    244     24    240   color     8
    245     24     42   color     8
    246     42    184   color     8
    247    184    212   color     8
    248    165    257   color     8
    249    257    240   color     8
    250     25     71   color     8
    251     25     90   color     8
    252     25    248   color     8
    253     25    141   color     8
    254     25    210   color     8
    255     25     98   color     8
    256     98     90   color     8
    257     90    141   color     8
    258    141    248   color     8
    259    248    210   color     8
    260    210     71   color     8
    261     71     98   color     8
    262     26    201   color     8
    263     26    178   color     8
    264     26     37   color     8
    265     37     28   color     8
    266    123    178   color     8
    267    178    201   color     8
    268    201     37   color     8
    269     27    192   color     8
    270     27    287   color     8
    271     27     98   color     8
    272     27    131   color     8
    273     27     90   color     8
    274     27    236   color     8
    275     98    287   color     8
    276    287    236   color     8
    277    236    192   color     8
    278    192    131   color     8
    279    131     90   color     8
    280     28    299   color     8
    281     28     48   color     8
    282     48    299   color     8
    283    299    117   color     8
    284     37     48   color     8
    285     84    111   color     8
    286     30    160   color     8
    287     30     62   color     8
    288     30    148   color     8
    289     30    214   color     8
    290     30     36   color     8
    291     30    137   color     8
    292    148    137   color     8
    293    137    214   color     8
    294    214    160   color     8
    295    160     36   color     8
    296     36     62   color     8
    297     62    148   color     8
    298     31    286   color     8
    299     31    246   color     8
    300     31    174   color     8
    301     31    151   color     8
    302     31    293   color     8
    303     31    124   color     8
    304    124    151   color     8
    305    151    286   color     8
    306    286    293   color     8
    307    293    174   color     8
    308    174    246   color     8
    309    246    124   color     8
    310     32     80   color     8
    311     32    297   color     8
    312     32    208   color     8
    313     32    293   color     8
    314     32    265   color     8
    315     32    286   color     8
    316     80    293   color     8
    317    286    297   color     8
    318    297    208   color     8
    319    208    265   color     8
    320    265     80   color     8
    321     33    275   color     8
    322     33    269   color     8
    323     33    272   color     8
    324     33    226   color     8
    325     33    108   color     8
    326     33     44   color     8
    327     44    269   color     8
    328    269    226   color     8
    329    226    108   color     8
    330    108    275   color     8
    331    275    272   color     8
    332    272     44   color     8
    333     34    215   color     8
    334     34    208   color     8
    335     34    110   color     8
    336     34    258   color     8
    337     34     97   color     8
    338     34    282   color     8
    339    215    208   color     8
    340    208    282   color     8
    341    282    110   color     8
    342    258     97   color     8
    343     97    215   color     8
    344     35    158   color     8
    345    203    158   color     8
    346    158    274   color     8
    347     36    229   color     8
    348     36     97   color     8
    349     36    216   color     8
    350    160    229   color     8
    351    229    216   color     8
    352    216     97   color     8
    353     97     62   color     8
    354     37    223   color     8
    355     37    190   color     8
    356    201    223   color     8
    357    223    190   color     8
    358    190     48   color     8
    359     38    168   color     8
    360     38    196   color     8
    361    202    196   color     8
    362    196    168   color     8
    363    168    237   color     8
    364     65    243   color     8
    365    176     83   color     8
    366     40    120   color     8
    367     40    164   color     8
    368     40    138   color     8
    369    191    164   color     8
    370    164    138   color     8
    371    138    120   color     8
    372    120     49   color     8
    373     41     45   color     8
    374     41    179   color     8
    375     41     43   color     8
    376     79     43   color     8
    377     43     45   color     8
    378     45    179   color     8
    379    179    198   color     8
    380     42    210   color     8
    381     42    235   color     8
    382     72    235   color     8
    383    235    210   color     8
    384    210    184   color     8
    385     43    133   color     8
    386     43     53   color     8
    387     43    147   color     8
    388     79    133   color     8
    389    133     53   color     8
    390     53    147   color     8
    391    147     45   color     8
    392     44     49   color     8
    393     44    146   color     8
    394     44    264   color     8
    395    272    264   color     8
    396    264    146   color     8
    397     49    269   color     8
    398     45    185   color     8
    399     45    149   color     8
    400    147    185   color     8
    401    185    149   color     8
    402    149    179   color     8
    403     46    194   color     8
    404     46    118   color     8
    405     46     60   color     8
    406    118    134   color     8
    407    212     60   color     8
    408     60    194   color     8
    409    194    118   color     8
    410     47    254   color     8
    411     47    148   color     8
    412     47     62   color     8
    413     59    254   color     8
    414    254    148   color     8
    415     62    258   color     8
    416     48    159   color     8
    417     48    291   color     8
    418    190    291   color     8
    419    291    159   color     8
    420    159    299   color     8
    421     49    250   color     8
    422    120    250   color     8
    423    250    269   color     8
    424     50    280   color     8
    425     50    225   color     8
    426     50    185   color     8
    427     50    149   color     8
    428     50    159   color     8
    429     50    139   color     8
    430    159    225   color     8
    431    225    149   color     8
    432    185    139   color     8
    433    139    280   color     8
    434    280    159   color     8
    435     51    255   color     8
    436     51    143   color     8
    437     51    262   color     8
    438     51    256   color     8
    439     51    154   color     8
    440     51    244   color     8
    441    256    255   color     8
    442    255    154   color     8
    443    154    262   color     8
    444    262    143   color     8
    445    143    244   color     8
    446    244    256   color     8
    447     52    199   color     8
    448     52    205   color     8
    449    142    205   color     8
    450    205    199   color     8
    451    199     85   color     8
    452     53    227   color     8
    453     53    220   color     8
    454     53    180   color     8
    455    227    147   color     8
    456    133    180   color     8
    457    180    220   color     8
    458    220    227   color     8
    459     54    175   color     8
    460     54     66   color     8
    461     54    200   color     8
    462     54    298   color     8
    463     54    276   color     8
    464     54     91   color     8
    465    276    175   color     8
    466     66     91   color     8
    467     91    200   color     8
    468    200    298   color     8
    469     55    225   color     8
    470     55    281   color     8
    471     55    161   color     8
    472     55    291   color     8
    473     55    245   color     8
    474     55     81   color     8
    475    291    245   color     8
    476    245    281   color     8
    477     81    161   color     8
    478    161    225   color     8
    479    225    291   color     8
    480     56     87   color     8
    481     56    256   color     8
    482     56    244   color     8
    483    112     87   color     8
    484     87    256   color     8
    485    244    176   color     8
    486     57     80   color     8
    487     57    166   color     8
    488     57    279   color     8
    489    166     80   color     8
    490     80    102   color     8
    491    115    279   color     8
    492    279    166   color     8
    493     58    188   color     8
    494     58     75   color     8
    495     58     92   color     8
    496     58     86   color     8
    497     58    104   color     8
    498     75    188   color     8
    499     92     86   color     8
    500     86    104   color     8
    501    104     75   color     8
    502     59     84   color     8
    503     59    111   color     8
    504     59    127   color     8
    505     69    127   color     8
    506    127    111   color     8
    507     60    248   color     8
    508     60    141   color     8
    509     60    129   color     8
    510    212    248   color     8
    511    141    129   color     8
    512    129    194   color     8
    513     61    272   color     8
    514     61    136   color     8
    515     61    275   color     8
    516     61    249   color     8
    517     61    186   color     8
    518     61    132   color     8
    519    249    272   color     8
    520    275    132   color     8
    521    132    136   color     8
    522    136    186   color     8
    523    186    249   color     8
    524     63    104   color     8
    525     63    216   color     8
    526     63    251   color     8
    527     63    229   color     8
    528     63    296   color     8
    529     63     75   color     8
    530    251    296   color     8
    531    296    216   color     8
    532    229     75   color     8
    533    104    251   color     8
    534     64    132   color     8
    535     64    195   color     8
    536     64    278   color     8
    537     83    195   color     8
    538    195    132   color     8
    539    132    278   color     8
    540    278    224   color     8
    541     65     70   color     8
    542     65    163   color     8
    543     70    243   color     8
    544     66    253   color     8
    545    169    253   color     8
    546    253     91   color     8
    547     67    268   color     8
    548     67    274   color     8
    549     67    218   color     8
    550     67    158   color     8
    551     67     93   color     8
    552    158    268   color     8
    553    268     93   color     8
    554     93    218   color     8
    555    218    274   color     8
    556     68     82   color     8
    557     68    255   color     8
    558     68    220   color     8
    559     68    154   color     8
    560     68    267   color     8
    561     68    180   color     8
    562    267    154   color     8
    563    255    220   color     8
    564    180     82   color     8
    565     82    267   color     8
    566     69     78   color     8
    567     69    285   color     8
    568    285    127   color     8
    569    110     78   color     8
    570     78    285   color     8
    571    117    243   color     8
    572     71    235   color     8
    573     71    172   color     8
    574     71    241   color     8
    575    235    241   color     8
    576    241    172   color     8
    577    172     98   color     8
    578     72    259   color     8
    579    175    259   color     8
    580    259    235   color     8
    581     73     85   color     8
    582     73    207   color     8
    583     73    198   color     8
    584    207     85   color     8
    585    198    207   color     8
    586     74    169   color     8
    587     74    257   color     8
    588     74     76   color     8
    589     74    221   color     8
    590     74    213   color     8
    591     74    240   color     8
    592    213    169   color     8
    593    257     76   color     8
    594     76    221   color     8
    595    221    213   color     8
    596     75    290   color     8
    597    229    290   color     8
    598    290    188   color     8
    599     76    271   color     8
    600     76    114   color     8
    601     76    165   color     8
    602    271    114   color     8
    603    114    221   color     8
    604     77    118   color     8
    605     77    123   color     8
    606     77    134   color     8
    607     77    178   color     8
    608    118    178   color     8
    609     78    270   color     8
    610     78    152   color     8
    611     78    282   color     8
    612    282    152   color     8
    613    152    270   color     8
    614    270    285   color     8
    615     79    162   color     8
    616    222    162   color     8
    617    162    133   color     8
    618    166    293   color     8
    619    265    102   color     8
    620     81    207   color     8
    621    207    161   color     8
    622     82    211   color     8
    623     82    247   color     8
    624     82    113   color     8
    625    180    113   color     8
    626    113    211   color     8
    627    211    247   color     8
    628    247    267   color     8
    629     83    182   color     8
    630    176    182   color     8
    631    182    195   color     8
    632     86    164   color     8
    633     86    145   color     8
    634     86    156   color     8
    635     92    156   color     8
    636    156    164   color     8
    637    164    145   color     8
    638    145    104   color     8
    639     87    187   color     8
    640     87     99   color     8
    641     87    227   color     8
    642    112     99   color     8
    643     99    227   color     8
    644    227    187   color     8
    645    187    256   color     8
    646     88    200   color     8
    647     88    298   color     8
    648    200    100   color     8
    649     89     93   color     8
    650     89    236   color     8
    651     89     95   color     8
    652     89    294   color     8
    653     89    268   color     8
    654     89    287   color     8
    655    268    294   color     8
    656    294     95   color     8
    657     95    236   color     8
    658    287     93   color     8
    659     90    183   color     8
    660    131    183   color     8
    661    183    141   color     8
    662     91    233   color     8
    663     91    100   color     8
    664    253    233   color     8
    665    233    100   color     8
    666    100    156   color     8
    667     93    172   color     8
    668    287    172   color     8
    669    172    218   color     8
    670     94    292   color     8
    671     94    299   color     8
    672     94    117   color     8
    673     94    280   color     8
    674     94    260   color     8
    675    280    260   color     8
    676    260    292   color     8
    677    292    117   color     8
    678    299    280   color     8
    679     95     96   color     8
    680     95    109   color     8
    681     95    273   color     8
    682    273     96   color     8
    683     96    236   color     8
    684    294    109   color     8
    685    109    273   color     8
    686    273    105   color     8
    687    216    215   color     8
    688     99    139   color     8
    689     99    260   color     8
    690     99    147   color     8
    691    260    139   color     8
    692    139    147   color     8
    693    112    260   color     8
    694    233    156   color     8
    695    101    107   color     8
    696    101    177   color     8
    697    101    168   color     8
    698    107    168   color     8
    699    168    203   color     8
    700    263    177   color     8
    701    177    107   color     8
    702    102    296   color     8
    703    265    296   color     8
    704    103    228   color     8
    705    103    205   color     8
    706    205    228   color     8
    707    105    217   color     8
    708    105    142   color     8
    709    273    217   color     8
    710    217    142   color     8
    711    142    155   color     8
    712    106    261   color     8
    713    106    278   color     8
    714    106    231   color     8
    715    106    224   color     8
    716    106    140   color     8
    717    106    108   color     8
    718    278    108   color     8
    719    108    261   color     8
    720    261    231   color     8
    721    231    140   color     8
    722    140    224   color     8
    723    107    237   color     8
    724    107    214   color     8
    725    177    214   color     8
    726    214    237   color     8
    727    278    275   color     8
    728    226    261   color     8
    729    109    181   color     8
    730    109    197   color     8
    731    197    181   color     8
    732    295    109   color     8
    733    294    197   color     8
    734    127    206   color     8
    735    113    133   color     8
    736    113    162   color     8
    737    113    135   color     8
    738    162    135   color     8
    739    135    211   color     8
    740    114    261   color     8
    741    114    283   color     8
    742    114    226   color     8
    743    283    221   color     8
    744    271    261   color     8
    745    226    283   color     8
    746    146    279   color     8
    747    116    153   color     8
    748    116    234   color     8
    749    116    144   color     8
    750    116    122   color     8
    751    116    204   color     8
    752    116    289   color     8
    753    144    289   color     8
    754    153    204   color     8
    755    204    122   color     8
    756    122    234   color     8
    757    234    144   color     8
    758    118    219   color     8
    759    194    219   color     8
    760    219    178   color     8
    761    120    171   color     8
    762    120    173   color     8
    763    171    173   color     8
    764    173    250   color     8
    765    138    171   color     8
    766    122    190   color     8
    767    122    245   color     8
    768    122    223   color     8
    769    245    190   color     8
    770    223    234   color     8
    771    204    245   color     8
    772    124    262   color     8
    773    124    154   color     8
    774    124    267   color     8
    775    267    151   color     8
    776    246    262   color     8
    777    125    155   color     8
    778    125    204   color     8
    779    125    153   color     8
    780    281    204   color     8
    781    126    300   color     8
    782    126    202   color     8
    783    126    150   color     8
    784    277    202   color     8
    785    127    230   color     8
    786    230    206   color     8
    787    285    230   color     8
    788    128    157   color     8
    789    128    168   color     8
    790    128    158   color     8
    791    128    203   color     8
    792    128    196   color     8
    793    196    157   color     8
    794    157    158   color     8
    795    129    239   color     8
    796    129    219   color     8
    797    129    183   color     8
    798    183    239   color     8
    799    239    219   color     8
    800    130    246   color     8
    801    130    262   color     8
    802    130    186   color     8
    803    130    189   color     8
    804    130    143   color     8
    805    130    284   color     8
    806    284    186   color     8
    807    186    189   color     8
    808    189    143   color     8
    809    246    284   color     8
    810    131    144   color     8
    811    131    289   color     8
    812    144    183   color     8
    813    195    136   color     8
    814    135    230   color     8
    815    135    285   color     8
    816    135    270   color     8
    817    270    211   color     8
    818    162    230   color     8
    819    136    189   color     8
    820    195    189   color     8
    821    148    252   color     8
    822    138    156   color     8
    823    138    233   color     8
    824    233    171   color     8
    825    217    205   color     8
    826    143    182   color     8
    827    189    182   color     8
    828    182    244   color     8
    829    144    239   color     8
    830    234    239   color     8
    831    264    279   color     8
    832    149    161   color     8
    833    161    179   color     8
    834    151    193   color     8
    835    151    247   color     8
    836    247    193   color     8
    837    193    286   color     8
    838    152    193   color     8
    839    152    297   color     8
    840    152    247   color     8
    841    297    193   color     8
    842    247    270   color     8
    843    282    297   color     8
    844    157    268   color     8
    845    157    197   color     8
    846    157    294   color     8
    847    196    197   color     8
    848    160    290   color     8
    849    160    177   color     8
    850    177    290   color     8
    851    207    179   color     8
    852    222    230   color     8
    853    166    174   color     8
    854    166    209   color     8
    855    279    209   color     8
    856    209    174   color     8
    857    167    218   color     8
    858    167    259   color     8
    859    167    241   color     8
    860    218    241   color     8
    861    241    259   color     8
    862    259    276   color     8
    863    213    253   color     8
    864    171    253   color     8
    865    171    213   color     8
    866    213    173   color     8
    867    173    283   color     8
    868    173    221   color     8
    869    283    250   color     8
    870    174    284   color     8
    871    209    284   color     8
    872    263    290   color     8
    873    219    201   color     8
    874    295    273   color     8
    875    197    277   color     8
    876    184    248   color     8
    877    284    249   color     8
    878    187    220   color     8
    879    187    255   color     8
    880    196    277   color     8
    881    201    232   color     8
    882    219    232   color     8
    883    232    223   color     8
    884    205    295   color     8
    885    217    295   color     8
    886    206    222   color     8
    887    215    265   color     8
    888    209    264   color     8
    889    209    249   color     8
    890    264    249   color     8
    891    215    296   color     8
    892    239    232   color     8
    893    232    234   color     8
    894    269    283   color     8

faces
      1      6     -4      1   color     6
      2      7     -2      4   color     6
      3      8     -5      2   color     6
      4      9     -3      5   color     6
      5     10     -1      3   color     6
      6     17    -12     15   color     6
      7     18    -14     12   color     6
      8     19    -16     14   color     6
      9     20    -13     16   color     6
     10     21    -11     13   color     6
     11     22    -15     11   color     6
     12     29    -24     27   color     6
     13     30    -26     24   color     6
     14     31    -25     26   color     6
     15     32    -28     25   color     6
     16     33    -23     28   color     6
     17     34    -27     23   color     6
     18     40    -38     37   color     6
     19     41    -39     38   color     6
     20     42    -35     39   color     6
     21     43     35    -55   color     6
     22     44    -37     36   color     6
     23     50    -47     46   color     6
     24     51    -45     47   color     6
     25     52    -49     45   color     6
     26     53    -48     49   color     6
     27     54    -46     48   color     6
     28     60     55   -175   color     6
     29     61    -57     58   color     6
     30     62    -59     57   color     6
     31     63    -56     59   color     6
     32    -43     56    -36   color     6
     33     70    -69     67   color     6
     34     71    -65     69   color     6
     35     72    -66     65   color     6
     36     73    -64     66   color     6
     37     74    -68     64   color     6
     38     75    -67     68   color     6
     39     79    -76    -20   color     6
     40     80    -77     76   color     6
     41     81    -78     77   color     6
     42     82    -21     78   color     6
     43     89    -88     84   color     6
     44     90    -85     88   color     6
     45    -53    -86     85   color     6
     46     91    -87     86   color     6
     47     92    -83     87   color     6
     48     93    -84     83   color     6
     49     99    -96     95   color     6
     50    100    -94     96   color     6
     51    101    -98     94   color     6
     52    102    -97     98   color     6
     53    103    -95     97   color     6
     54    110   -107    109   color     6
     55    111   -106    107   color     6
     56    112   -105    106   color     6
     57    -10   -108    105   color     6
     58    113   -104    108   color     6
     59    114   -109    104   color     6
     60    121   -115    118   color     6
     61    122   -120    115   color     6
     62    123   -116    120   color     6
     63    124   -119    116   color     6
     64    125   -117    119   color     6
     65    126   -118    117   color     6
     66    133   -127    130   color     6
     67    134   -131    127   color     6
     68    135   -129    131   color     6
     69    136   -128    129   color     6
     70    137   -132    128   color     6
     71    138   -130    132   color     6
     72    144   -142    141   color     6
     73    145   -140    142   color     6
     74    146   -143    140   color     6
     75    147   -139    143   color     6
     76    148    139   -495   color     6
     77    155   -149    153   color     6
     78    156   -151    149   color     6
     79    157   -154    151   color     6
     80    158   -150    154   color     6
     81    159   -152    150   color     6
     82    160   -153    152   color     6
     83    166   -165    163   color     6
     84    167   -164    165   color     6
     85    168   -161    164   color     6
     86    169    161    605   color     6
     87    170   -163    162   color     6
     88    172   -145     -6   color     6
     89    173   -171   -144   color     6
     90    174     -7    171   color     6
     91    180   -179    175   color     6
     92    181   -178    179   color     6
     93    182   -176    178   color     6
     94    183   -177    176   color     6
     95    -60    177    -58   color     6
     96    190   -186    188   color     6
     97    191   -185    186   color     6
     98    192   -187    185   color     6
     99    193   -189    187   color     6
    100    194   -184    189   color     6
    101    195   -188    184   color     6
    102   -155   -197    199   color     6
    103    202   -200    197   color     6
    104    203   -196    200   color     6
    105    204   -201    196   color     6
    106    -63   -198    201   color     6
    107    205   -199    198   color     6
    108    212   -207    209   color     6
    109    213   -210    207   color     6
    110    214   -208    210   color     6
    111    215   -211    208   color     6
    112    216   -206    211   color     6
    113    217   -209    206   color     6
    114    224   -222    221   color     6
    115    225   -219    222   color     6
    116    226   -223    219   color     6
    117    227   -220    223   color     6
    118    228   -218    220   color     6
    119    229   -221    218   color     6
    120    236   -231    233   color     6
    121    237   -235    231   color     6
    122    238   -232    235   color     6
    123    239   -230    232   color     6
    124    240   -234    230   color     6
    125    241   -233    234   color     6
    126   -238   -245    244   color     6
    127    246   -242    245   color     6
    128    247    -17    242   color     6
    129    248   -243    -22   color     6
    130    249   -244    243   color     6
    131    256   -251    255   color     6
    132    257   -253    251   color     6
    133    258   -252    253   color     6
    134    259   -254    252   color     6
    135    260   -250    254   color     6
    136    261   -255    250   color     6
    137    265   -229    264   color     6
    138    266   -263   -228   color     6
    139    267   -262    263   color     6
    140    268   -264    262   color     6
    141   -256   -271    273   color     6
    142    275   -270    271   color     6
    143    276   -274    270   color     6
    144    277   -269    274   color     6
    145    278   -272    269   color     6
    146    279   -273    272   color     6
    147    282   -280    281   color     6
    148    283   -224    280   color     6
    149    284   -281   -265   color     6
    150    285    -44   -204   color     6
    151    292   -291    288   color     6
    152    293   -289    291   color     6
    153    294   -286    289   color     6
    154    295   -290    286   color     6
    155    296   -287    290   color     6
    156    297   -288    287   color     6
    157    304   -301    303   color     6
    158    305   -298    301   color     6
    159    306   -302    298   color     6
    160    307   -300    302   color     6
    161    308   -299    300   color     6
    162    309   -303    299   color     6
    163    316   -313    310   color     6
    164   -306   -315    313   color     6
    165    317   -311    315   color     6
    166    318   -312    311   color     6
    167    319   -314    312   color     6
    168    320   -310    314   color     6
    169    327   -322    326   color     6
    170    328   -324    322   color     6
    171    329   -325    324   color     6
    172    330   -321    325   color     6
    173    331   -323    321   color     6
    174    332   -326    323   color     6
    175    339   -334    333   color     6
    176    340   -338    334   color     6
    177    341   -335    338   color     6
    178   -102   -336    335   color     6
    179    342   -337    336   color     6
    180    343   -333    337   color     6
    181    345   -344     -9   color     6
    182    346   -113    344   color     6
    183    350   -347   -295   color     6
    184    351   -349    347   color     6
    185    352   -348    349   color     6
    186    353   -296    348   color     6
    187    356   -354   -268   color     6
    188    357   -355    354   color     6
    189    358   -284    355   color     6
    190    361   -360   -157   color     6
    191    362   -359    360   color     6
    192    363   -158    359   color     6
    193    364    -75   -137   color     6
    194    365   -138    -74   color     6
    195    369   -367    -54   color     6
    196    370   -368    367   color     6
    197    371   -366    368   color     6
    198    372    -50    366   color     6
    199    376   -375   -212   color     6
    200    377   -373    375   color     6
    201    378   -374    373   color     6
    202    379   -213    374   color     6
    203    382   -381   -237   color     6
    204    383   -380    381   color     6
    205    384   -246    380   color     6
    206    388   -385   -376   color     6
    207    389   -386    385   color     6
    208    390   -387    386   color     6
    209    391   -377    387   color     6
    210    395   -394   -332   color     6
    211    396   -393    394   color     6
    212    -51   -392    393   color     6
    213    397   -327    392   color     6
    214    400   -398   -391   color     6
    215    401   -399    398   color     6
    216    402   -378    399   color     6
    217    406    -19    404   color     6
    218    407   -405    -18   color     6
    219    408   -403    405   color     6
    220    409   -404    403   color     6
    221    413   -410   -100   color     6
    222    414   -411    410   color     6
    223   -297   -412    411   color     6
    224    415   -101    412   color     6
    225    418   -417   -358   color     6
    226    419   -416    417   color     6
    227    420   -282    416   color     6
    228    422   -421   -372   color     6
    229    423   -397    421   color     6
    230    430   -425    428   color     6
    231    431   -427    425   color     6
    232   -401   -426    427   color     6
    233    432   -429    426   color     6
    234    433   -424    429   color     6
    235    434   -428    424   color     6
    236    441   -435    438   color     6
    237    442   -439    435   color     6
    238    443   -437    439   color     6
    239    444   -436    437   color     6
    240    445   -440    436   color     6
    241    446   -438    440   color     6
    242    449   -448   -123   color     6
    243    450   -447    448   color     6
    244    451   -124    447   color     6
    245    455   -390    452   color     6
    246    456   -454   -389   color     6
    247    457   -453    454   color     6
    248    458   -452    453   color     6
    249   -111   -463    462   color     6
    250    465   -459    463   color     6
    251   -241   -460    459   color     6
    252    466   -464    460   color     6
    253    467   -461    464   color     6
    254    468   -462    461   color     6
    255    475   -473    472   color     6
    256    476   -470    473   color     6
    257   -126   -474    470   color     6
    258    477   -471    474   color     6
    259    478   -469    471   color     6
    260    479   -472    469   color     6
    261    483   -480    -72   color     6
    262    484   -481    480   color     6
    263   -446   -482    481   color     6
    264    485    -73    482   color     6
    265    489   -486    487   color     6
    266    490    -92    486   color     6
    267    491   -488    -91   color     6
    268    492   -487    488   color     6
    269    498   -493    494   color     6
    270   -148    493   -141   color     6
    271    499   -496    495   color     6
    272    500   -497    496   color     6
    273    501   -494    497   color     6
    274    505   -504    -99   color     6
    275    506   -503    504   color     6
    276   -285   -502    503   color     6
    277   -203   -413    502   color     6
    278    510   -507   -407   color     6
    279   -258   -508    507   color     6
    280    511   -509    508   color     6
    281    512   -408    509   color     6
    282    519   -513    516   color     6
    283   -331   -515    513   color     6
    284    520   -518    515   color     6
    285    521   -514    518   color     6
    286    522   -517    514   color     6
    287    523   -516    517   color     6
    288   -342   -415   -353   color     6
    289    530   -528    526   color     6
    290    531   -525    528   color     6
    291   -351   -527    525   color     6
    292    532   -529    527   color     6
    293   -501   -524    529   color     6
    294    533   -526    524   color     6
    295    537   -535   -133   color     6
    296    538   -534    535   color     6
    297    539   -536    534   color     6
    298    540   -134    536   color     6
    299   -170   -542   -136   color     6
    300   -226   -541    542   color     6
    301    543   -364    541   color     6
    302    545   -544   -240   color     6
    303    546   -466    544   color     6
    304   -346   -550    548   color     6
    305    552   -547    550   color     6
    306    553   -551    547   color     6
    307    554   -549    551   color     6
    308    555   -548    549   color     6
    309    562   -559    560   color     6
    310   -442   -557    559   color     6
    311    563   -558    557   color     6
    312   -457   -561    558   color     6
    313    564   -556    561   color     6
    314    565   -560    556   color     6
    315    568   -505    567   color     6
    316    569   -566   -103   color     6
    317    570   -567    566   color     6
    318    571   -543   -225   color     6
    319   -383   -572   -260   color     6
    320    575   -574    572   color     6
    321    576   -573    574   color     6
    322    577   -261    573   color     6
    323    579   -578   -236   color     6
    324    580   -382    578   color     6
    325    584   -581    582   color     6
    326   -451   -182    581   color     6
    327   -214   -583   -181   color     6
    328    585   -582    583   color     6
    329    592   -586    590   color     6
    330   -239   -591    586   color     6
    331   -249   -587    591   color     6
    332    593   -588    587   color     6
    333    594   -589    588   color     6
    334    595   -590    589   color     6
    335    597   -596   -532   color     6
    336    598   -498    596   color     6
    337   -248   -601   -593   color     6
    338    -82   -599    601   color     6
    339    602   -600    599   color     6
    340    603   -594    600   color     6
    341   -406   -604    606   color     6
    342    608   -607    604   color     6
    343   -266   -605    607   color     6
    344   -169   -227   -162   color     6
    345    -79   -606   -168   color     6
    346   -341   -611   -569   color     6
    347    612   -610    611   color     6
    348    613   -609    610   color     6
    349    614   -570    609   color     6
    350    616   -615   -217   color     6
    351    617   -388    615   color     6
    352    618   -316   -489   color     6
    353    619   -490   -320   color     6
    354   -584   -620   -125   color     6
    355    621   -477    620   color     6
    356    625   -624   -564   color     6
    357    626   -622    624   color     6
    358    627   -623    622   color     6
    359    628   -565    623   color     6
    360    630   -629   -365   color     6
    361    631   -537    629   color     6
    362    635   -634   -499   color     6
    363    636   -632    634   color     6
    364    637   -633    632   color     6
    365    638   -500    633   color     6
    366    642   -640   -483   color     6
    367    643   -641    640   color     6
    368    644   -639    641   color     6
    369    645   -484    639   color     6
    370   -468   -646    647   color     6
    371    648   -146    646   color     6
    372   -112   -647   -172   color     6
    373   -553   -653    649   color     6
    374    655   -652    653   color     6
    375    656   -651    652   color     6
    376    657   -650    651   color     6
    377   -276   -654    650   color     6
    378    658   -649    654   color     6
    379    660   -659   -279   color     6
    380    661   -257    659   color     6
    381    664   -662   -546   color     6
    382    665   -663    662   color     6
    383   -648   -467    663   color     6
    384    666   -635   -147   color     6
    385    668   -667   -658   color     6
    386    669   -554    667   color     6
    387    675   -674    673   color     6
    388    676   -670    674   color     6
    389    677   -672    670   color     6
    390   -283   -671    672   color     6
    391    678   -673    671   color     6
    392    682   -679    681   color     6
    393    683   -657    679   color     6
    394    684   -680   -656   color     6
    395    685   -681    680   color     6
    396   -277   -683   -192   color     6
    397    686   -193   -682   color     6
    398    687   -343   -352   color     6
    399   -668   -275   -577   color     6
    400    691   -688    689   color     6
    401    692   -690    688   color     6
    402   -455   -643    690   color     6
    403    693   -689   -642   color     6
    404    694   -666   -665   color     6
    405    698   -697    695   color     6
    406    699     -8    697   color     6
    407    700   -696   -174   color     6
    408    701   -695    696   color     6
    409    703   -702   -619   color     6
    410   -530    -93    702   color     6
    411   -450   -705   -183   color     6
    412    706   -704    705   color     6
    413    -31    -61    704   color     6
    414    -89   -533   -638   color     6
    415    709   -707   -686   color     6
    416    710   -708    707   color     6
    417    711   -194    708   color     6
    418    718   -717    713   color     6
    419    719   -712    717   color     6
    420    720   -714    712   color     6
    421    721   -716    714   color     6
    422    722   -715    716   color     6
    423   -540   -713    715   color     6
    424    725   -724   -701   color     6
    425    726   -723    724   color     6
    426   -363   -698    723   color     6
    427    727   -330   -718   color     6
    428    728   -719   -329   color     6
    429    731   -729    730   color     6
    430    732    729    -33   color     6
    431    733   -730   -684   color     6
    432    734    -40   -506   color     6
    433   -676   -693    -71   color     6
    434   -617   -736    735   color     6
    435    738   -737    736   color     6
    436    739   -626    737   color     6
    437   -456   -735   -625   color     6
    438    743   -603    741   color     6
    439    744   -740   -602   color     6
    440   -728   -742    740   color     6
    441    745   -741    742   color     6
    442    746   -491    -52   color     6
    443    753   -752    749   color     6
    444   -190   -747    752   color     6
    445    754   -751    747   color     6
    446    755   -750    751   color     6
    447    756   -748    750   color     6
    448    757   -749    748   color     6
    449    -70   -571   -677   color     6
    450    759   -758   -409   color     6
    451    760   -608    758   color     6
    452   -215   -180    -42   color     6
    453    763   -762    761   color     6
    454    764   -422    762   color     6
    455    765   -761   -371   color     6
    456   -722   -166   -135   color     6
    457    769   -766    767   color     6
    458   -357   -768    766   color     6
    459    770   -756    768   color     6
    460    771   -767   -755   color     6
    461   -562   -774    773   color     6
    462    775   -304    774   color     6
    463    776   -772   -309   color     6
    464   -443   -773    772   color     6
    465   -754   -779    778   color     6
    466   -195   -777    779   color     6
    467   -711   -122    777   color     6
    468    780   -778   -121   color     6
    469    -62    -30    783   color     6
    470    784   -782    -29   color     6
    471   -156   -781    782   color     6
    472   -205   -783    781   color     6
    473    786   -734    785   color     6
    474    787   -785   -568   color     6
    475   -362   -792    789   color     6
    476    793   -788    792   color     6
    477    794   -790    788   color     6
    478   -345   -791    790   color     6
    479   -699   -789    791   color     6
    480    798   -795    797   color     6
    481    799   -796    795   color     6
    482   -759   -512    796   color     6
    483   -661   -797   -511   color     6
    484    806   -802    805   color     6
    485    807   -803    802   color     6
    486    808   -804    803   color     6
    487   -444   -801    804   color     6
    488   -776   -800    801   color     6
    489    809   -805    800   color     6
    490   -191   -811   -278   color     6
    491   -753   -810    811   color     6
    492    812   -660    810   color     6
    493   -727   -539   -520   color     6
    494    813   -521   -538   color     6
    495   -614   -816    815   color     6
    496    817   -739    816   color     6
    497    818   -814   -738   color     6
    498   -787   -815    814   color     6
    499    820   -819   -813   color     6
    500   -807   -522    819   color     6
    501    821   -160   -292   color     6
    502   -726   -293   -159   color     6
    503    824   -765    823   color     6
    504   -636   -822   -370   color     6
    505   -694   -823    822   color     6
    506   -675   -433   -691   color     6
    507   -400   -692   -432   color     6
    508    -80   -167   -721   color     6
    509    825   -449   -710   color     6
    510    827   -826   -808   color     6
    511    828   -445    826   color     6
    512    830   -829   -757   color     6
    513   -798   -812    829   color     6
    514   -369    -90   -637   color     6
    515    831   -746   -396   color     6
    516   -202   -821   -414   color     6
    517   -478   -832   -431   color     6
    518    833   -402    832   color     6
    519    836   -834    835   color     6
    520    837   -305    834   color     6
    521   -628   -835   -775   color     6
    522    841   -838    839   color     6
    523   -836   -840    838   color     6
    524    842   -613    840   color     6
    525    843   -839   -612   color     6
    526    847   -845   -793   color     6
    527   -733   -846    845   color     6
    528   -655   -844    846   color     6
    529   -552   -794    844   color     6
    530   -479   -430   -419   color     6
    531   -678   -420   -434   color     6
    532   -597   -350    848   color     6
    533   -725   -849   -294   color     6
    534    850   -848    849   color     6
    535    851   -833   -621   color     6
    536    852   -818   -616   color     6
    537    855   -854   -492   color     6
    538    856   -853    854   color     6
    539   -307   -618    853   color     6
    540   -555   -857   -114   color     6
    541    860   -859    857   color     6
    542    861   -858    859   color     6
    543    862   -110    858   color     6
    544    863   -545   -592   color     6
    545   -664   -864   -824   color     6
    546   -863   -865    864   color     6
    547    866   -763    865   color     6
    548   -860   -669   -576   color     6
    549   -595   -868   -866   color     6
    550   -743   -867    868   color     6
    551    869   -764    867   color     6
    552    871   -870   -856   color     6
    553   -809   -308    870   color     6
    554   -862   -579   -465   color     6
    555   -828   -630   -485   color     6
    556    872   -850   -700   color     6
    557    873   -267   -760   color     6
    558   -585   -379   -851   color     6
    559   -732    874   -685   color     6
    560    875    -34   -731   color     6
    561   -820   -631   -827   color     6
    562   -259   -876   -384   color     6
    563   -510   -247    876   color     6
    564    877   -523   -806   color     6
    565   -563   -879    878   color     6
    566   -441   -645    879   color     6
    567   -458   -878   -644   color     6
    568   -872   -173   -598   color     6
    569   -475   -418   -769   color     6
    570   -317   -837   -841   color     6
    571   -784   -880   -361   color     6
    572   -875   -847    880   color     6
    573    882   -881   -873   color     6
    574    883   -356    881   color     6
    575   -476   -771   -780   color     6
    576    -32   -706    884   color     6
    577    885   -884   -825   color     6
    578   -852   -886   -786   color     6
    579   -216    -41    886   color     6
    580    887   -319   -339   color     6
    581   -843   -340   -318   color     6
    582   -831   -888   -855   color     6
    583    890   -889    888   color     6
    584   -877   -871    889   color     6
    585   -842   -627   -817   color     6
    586   -531   -891   -687   color     6
    587   -703   -887    891   color     6
    588   -874   -885   -709   color     6
    589    892   -882   -799   color     6
    590    893   -770   -883   color     6
    591    894   -745   -328   color     6
    592   -744    -81   -720   color     6
    593   -830   -893   -892   color     6
    594   -861   -575   -580   color     6
    595   -395   -519   -890   color     6
    596   -894   -423   -869   color     6

         
