 // fi at step         1600  tk =           8
     1     0.02291428
     2    -1.08896572
     3     0.84865491
     4   -13.90043206
     5     0.10299170
     6    -3.62349549
     7    -0.00894764
     8    -2.13073599
     9     1.12053172
    10    -0.24361244
    11     0.36056946
    12    -8.07909905
    13     0.04154454
    14     0.01351853
    15     0.13016482
    16     0.10510237
    17     0.07477917
    18     0.03610328
    19     0.07221221
    20     0.02181471
    21     0.00142599
    22    -0.00569132
    23    -0.18951897
    24     0.25696531
    25    -0.06790562
    26    -4.76502465
    27     0.05752577
    28     0.88377094
    29     0.11599461
    30    -0.07649368
    31    -0.00936323
    32    -0.14479222
    33     0.10417772
    34     0.04155510
    35    -0.00609738
    36    -0.04406305
    37    -0.16080556
    38     0.16227564
    39     0.54972532
    40     0.17849656
    41     0.17313843
    42     0.04056698
    43    -0.06010342
    44    -0.07813511
    45    -0.00877735
    46    -0.09961116
    47     0.06055297
    48    -0.14270373
    49     2.47779825
    50     0.76311680
    51     0.53891979
    52     1.55989142
    53     0.20579457
    54     2.20783309
    55     0.15201154
    56     0.25662209
    57     1.14101349
    58     0.06007214
    59     1.49604951
    60     0.24906064
    61     0.08112202
    62     0.53740051
    63    -0.08190877
    64     0.13443060
    65     0.42787967
    66     0.10722696
    67     0.21268222
    68     0.66903826
    69    -2.58757794
    70     0.12292741
    71    -0.01140831
    72     1.23915716
    73     0.36230097
    74     0.24503954
    75     0.91171796
    76    -0.03535250
    77     0.79986778
    78     0.10595955
    79     1.46116661
    80     0.39984451
    81     0.13315061
    82     0.18803578
    83     0.02933420
    84     1.77371268
    85     0.08847439
    86     0.66015094
    87     0.64408562
    88     0.53706868
    89    -0.09085178
    90     0.04799177
    91     0.08380361
    92    -0.01053755
    93     1.60927696
    94     0.14237713
    95     0.62563729
    96    -0.25432612
    97     0.65016588
    98     0.08966226
    99     0.76436610
   100    -0.35008921
   101    -5.30274443
   102     0.10732681
   103     0.07809393
   104     0.07839528
   105     0.08218120
   106     0.06417189
   107     0.17998952
   108     0.08305527
   109     0.06467013
   110     0.04270493
   111     0.10645715
   112    -0.03155697
   113     0.29818915
   114     0.41708743
   115     0.06604897
   116     0.14288358
   117     0.10260842
   118     0.04285733
   119     0.06463094
   120     0.04749706
   121    -0.05634233
   122     0.08897805
   123    -0.01330102
   124     0.05844697
   125     0.20711473
   126     0.09489050
   127    -0.05781878
   128     0.09723084
   129     0.10879114
   130     0.06043054
   131     0.05987901
   132     0.08602061
   133     0.38244123
   134     0.09336118
   135     0.09308449
   136    -0.12715946
   137     0.16718178
   138     0.05214965
   139     0.04278676
   140     0.10936426
   141    -0.01459689
   142     1.55843757
   143     0.03424603
   144    -0.15462461
   145     2.09550122
   146     0.61324345
   147     1.12184266
   148    -0.24183782
   149     0.14242433
   150     0.13656784
   151     0.16904888
   152     0.04961304
   153     0.06460791
   154     0.25521620
   155     0.21661894
   156     0.32676675
   157     0.03551874
   158     0.21630314
   159    -0.25427045
   160    -0.11404296
   161     0.13257726
   162    -0.16219772
   163     0.00313721
   164    -0.03969035
   165    -0.06481086
   166    -0.04920186
   167     0.04874485
   168    -9.68007129
   169   -10.59515033
   170    -0.75254838
   171     0.15333904
   172    -2.19406335
   173     1.79797244
   174     1.91815037
   175     3.97823182
   176     0.12922038
   177    -3.29616528
   178    -0.08231067
   179    -2.90557240
   180     1.27680577
   181    -0.09250992
   182     0.68635375
   183    -0.12471525
   184     0.82166910
   185    -0.91785822
   186     0.08328769
   187     0.24717166
   188     0.24780435
   189     1.17063893
   190     0.69416956
   191     0.07211463
   192    -3.09177045
   193     0.11157887
   194     0.13161394
   195     0.17418727
   196     0.07260738
   197     0.21321803
   198     0.08665165
   199     0.08507177
   200     0.16041626
   201     0.13678946
   202     0.00430312
   203     0.04679943
   204     0.00441626
   205     0.08726616
   206    -0.35340848
   207     0.11277777
   208     0.58420690
   209     0.09244502
   210    -0.10054269
   211    -0.12051856
   212     0.05659494
   213     0.23487460
   214     0.03263973
   215    -0.04905165
   216    -0.05120322
   217     0.08691616
   218     0.68046390
   219    -0.07452035
   220     0.09677455
   221     0.88953368
   222     0.04484201
   223     0.06854546
   224    -0.10456643
   225     0.12095562
   226    -0.00696030
   227     0.27439847
   228     0.13898050
   229     0.08719278
   230     0.00205614
   231     0.11880494
   232     0.04537725
   233     0.87186282
   234     0.14583450
   235     0.09493825
   236     0.07494916
   237     0.05093154
   238     0.04609073
   239     0.11205305
   240     0.07279540
   241     0.05765975
   242     0.09053103
   243    -0.01646603
   244     0.04443953
   245     0.19698157
   246     0.09784309
   247    -0.01358676
   248     0.10905964
   249    -0.00871918
   250     0.07712818
   251    -0.07860175
   252    -0.02671499
   253     0.26367189
   254     0.11654507
   255    -0.10830751
   256     0.07244380
   257     0.06343877
   258     0.03830536
   259     0.09826787
   260    -0.22685867
   261     0.13097526
   262     1.52248913
   263     0.00142012
   264     0.01533997
   265     0.31747349
   266     0.43769897
   267    -3.51191641
   268     0.03774246
   269     0.03702222
   270    -0.00656141
   271     0.23103257
   272     0.09614735
   273    -0.01246425
   274     0.15088275
   275     0.13734483
   276     0.66565481
   277    -0.08968099
   278    -0.07053520
   279    -0.17054453
   280     0.07670912
   281     0.16639848
   282    -0.13595654
   283    -0.07264535
   284    -0.05697771
   285     0.07723758
   286     0.02021594
   287    -0.00644602
   288    -0.06129761
   289    -0.02198284
   290    -0.03840793
   291    -0.05008939
   292    -0.06162586
   293    -0.10773793
   294     1.08102050
   295    -0.03333474
   296     0.84420795
   297     0.19898580
   298     0.29997428
   299     0.07190904
   300     0.66625329
   301    -0.00739474
   302     0.11706314
   303     0.09684861
   304     0.05419255
   305     0.16938423
   306    -0.17209816
   307     0.00440093
   308     0.09910084
   309     1.72229072
   310     0.14490222
   311    -0.17766565
   312     0.27603972
   313     1.31651026
   314     0.48033980
   315    -1.13711020
   316     0.09691109
   317     0.93049246
   318     0.10430514
   319    -3.29631878
   320     0.94605022
   321    -0.09630817
   322     0.39517274
   323     0.18140941
   324    -8.72073186
   325     0.07114650
   326     0.88300732
   327     0.64184842
   328     1.41813042
   329     0.38731683
   330    -0.09805674
   331     0.28338292
   332     0.08003441
   333    20.01761306
   334     0.43191250
   335    -0.42237848
   336    -0.12731021
   337     0.46277641
   338    -2.70669647
   339    -0.71356047
   340    -0.32439071
   341    -6.00411729
   342    -0.11573406
   343     0.07347140
   344     0.10652767
   345    -0.09128968
   346     0.11617266
   347     0.10793086
   348     0.03940590
   349     0.10419802
   350     0.12705423
   351     0.07511577
   352    -0.02116249
   353     0.11485453
   354    -0.47730888
   355    -0.04198526
   356     0.12937860
   357     0.05596920
   358     0.05141293
   359     0.10037468
   360     0.12203976
   361    -0.11025358
   362     0.08791193
   363     0.07072798
   364     0.02760906
   365     0.12928049
   366    -0.04412510
   367    -0.06252396
   368     0.10883798
   369     0.10908034
   370    -0.03744951
   371     0.06458331
   372     0.03887879
   373     0.20790195
   374    -0.11032914
   375     0.06679359
   376    -0.17049491
   377     0.24145438
   378    -0.04022324
   379     0.10238011
   380     0.44979693
   381    -0.09464053
   382     0.87088513
   383     0.23288019
   384    -0.20522261
   385     2.22120177
   386     0.34815774
   387     0.65798823
   388    -0.11716081
   389     0.13529393
   390     0.07361667
   391     0.04939332
   392    -0.11576176
   393    -0.03808427
   394     0.98318403
   395     0.30867128
   396     0.12172182
   397     0.09425439
   398     0.11017075
   399    -0.20560376
   400     0.01842865
   401     0.06095630
   402     0.10664488
   403     0.08720502
   404     0.13686350
   405     0.12829342
   406     0.06286219
   407     0.09488734
   408     0.08300218
   409     0.02499162
   410     0.10714858
   411     0.07234951
   412     0.47046617
   413     0.12853791
   414     0.14857781
   415     0.06243672
   416     0.07932712
   417     0.10472756
   418    -0.03372803
   419     0.06999731
   420     0.07743453
   421    -0.01493555
   422    -0.07312559
   423     0.06976634
   424     0.11013036
   425     0.07172157
   426     0.09060056
   427     0.11776035
   428    -0.00740497
   429     0.02952749
   430     0.06073611
   431     0.07811649
   432     0.10302796
   433     0.11320167
   434     0.11251587
   435     0.06756053
   436    -0.03558122
   437    -0.03590766
   438    -0.01737507
   439    -0.16145140
   440     0.06617601
   441     0.06626229
   442    -0.13680277
   443     0.27356288
   444     0.38645067
   445     1.32478632
   446    -6.73225218
   447     2.37141967
   448     0.10577631
   449    -0.12135413
   450     0.06405459
   451     0.10268007
   452     0.05919433
   453     0.09931425
   454     0.14101746
   455     0.35248026
   456     0.14889262
   457     0.06939345
   458     0.08163222
   459     0.12704161
   460     0.04169298
   461    -0.17181016
   462    -0.18550728
   463    -0.10989448
   464    -0.07076004
   465    -0.05279481
   466     0.10942272
   467     0.46752332
   468    -0.05680050
   469     0.09920327
   470    -0.02239048
   471     0.09449095
   472    -0.08149206
   473    -0.06256650
   474     0.04772033
   475     0.27190359
   476     0.76281498
   477     0.61866397
   478     0.35872922
   479     0.47485797
   480     1.77913363
   481    -0.11805310
   482    -0.04041233
   483    -0.03648311
   484     0.19780173
   485     0.85895312
   486     0.08265028
   487     0.10323039
   488     0.11433304
   489     0.10741485
   490    -0.06454751
   491    -0.06152505
   492    -0.07697999
   493     0.06744734
   494     0.01817500
   495     0.36515291
   496     0.37967476
   497     0.63374581
   498     0.95874909
   499     0.03206845
   500     0.08351001
   501    -0.05258212
   502     0.35760894
   503     1.30713540
   504     0.37750393
   505     0.17970014
   506     0.21326125
   507     0.74316725
   508     1.74442387
   509     0.08493311
   510     0.12223447
   511     0.11512788
   512     0.11056218
   513     0.10736197
   514     0.16268716
   515     0.16312753
   516     1.62843633
   517     1.79876808
   518     0.13976312
   519     0.10347308
   520     0.21920757
   521     0.99094313
   522     0.18289661
   523     0.13029762
   524    -0.05257885
   525     0.21001846
   526     1.16366600
   527     0.14258162
   528     0.13381769
   529     0.34968797
   530     1.26248930
   531     0.64798425
   532     0.12465508
   533     0.08101880
   534     0.08971724
   535     1.09843714
   536     0.09698590
   537     0.13619549
   538     0.11337732
   539    -0.02511453
   540    -0.00701691
   541     0.10492677
   542     0.09861084
   543     0.21281995
   544     1.35075478
   545     0.15500332
   546     0.09793812
   547     0.10855699
   548     0.35059243
   549     0.14748819
   550    -0.01779636
   551     0.07367670
   552     0.02472489
   553    -0.96257204
   554     1.54976519
   555     1.89020515
   556     0.29152890
   557     1.40559556
   558     0.44132226
   559    -0.06247071
   560     0.07331748
   561    -0.10963355
   562     0.64856754
   563     0.15792728
   564     0.08464581
   565     0.63441062
   566     0.92040216
   567     0.26910996
   568     0.11639070
   569     0.10445403
   570    -0.00116144
   571     1.97656791
   572     0.05733639
   573     0.11334275
   574     0.77980877
   575     0.83353070
   576     0.02047885
   577     0.04727995
   578    -0.11029863
   579    -0.12006634
   580    -3.82111554
   581    -6.73967036
   582     0.63997326
   583     0.07234469
   584     1.13693858
   585     0.11403967
   586     0.22808980
   587     0.09829823
   588     1.59262082
   589    -0.32973649
   590    -0.02617345
   591     0.31262876
   592     0.21323779
   593     0.45627739
   594     0.22499677
   595     0.91326306
   596     0.47175554
   597     0.64813652
   598     0.15571111
   599    -0.08390960
   600    -0.14646758
   601    -0.02616342
   602    -0.07478776
   603     0.12650802
   604     0.14091855
   605     0.13083594
   606    -0.05784764
   607    -0.84246655
   608     1.00120560
   609     0.44558313
   610    -0.22243905
   611    -0.22361272
   612    -0.16077231
   613     0.12171153
   614     0.08431589
   615     0.13495285
   616     0.16273022
   617     0.12336732
   618     0.34376297
   619     0.79059388
   620     0.42212482
   621     0.31608969
   622     0.53320079
   623     0.27581367
   624     0.80495354
   625     0.10191065
   626    -0.10791606
   627    -0.06294395
   628     0.49085430
   629     1.42516487
   630     0.36494300
   631    -0.22954223
   632     0.01624270
   633     0.20230346
   634     1.49603346
   635     0.38496612
   636     0.32211908
   637     0.16717604
   638     0.09707727
   639     0.16959740
   640     0.17970101
   641     0.29639825
   642     1.36936891
   643     0.03557997
   644     0.00758691
   645    -0.05204545
   646    -0.00424741
   647     0.04648226
   648   -11.55662208
   649    -7.71609275
   650    -4.87912588
   651    -3.91649578
   652    -3.76838549
   653    -4.21775907
   654     1.41725704
   655    20.01761306
   656     0.12074501
   657   -12.70747021
   658    -0.08308921
   659    -2.94567933
   660     0.64301964
   661    -0.19576389
   662     0.52020501
   663    -0.12152052
   664     1.20555674
   665    -3.96653504
   666    -0.02740672
   667     0.23425019
   668    -7.07153841
   669     1.34045439
   670    -8.81801443
   671     0.09261060
   672    -5.01528092
   673     0.07486934
   674     0.05040026
   675     0.15028256
   676     0.10413290
   677     0.12642898
   678     0.07023230
   679     0.07852260
   680     0.08684721
   681     0.10069408
   682    -0.03807967
   683    -0.11400771
   684    -0.03306055
   685     0.03342816
   686    -3.72114689
   687     0.06518364
   688     0.94498403
   689     0.11558905
   690    -0.13966987
   691    -0.06117151
   692    -0.09169546
   693     0.13289178
   694     0.03898308
   695    -0.05152154
   696     0.03033894
   697    -0.11142321
   698     0.32541169
   699     0.17084157
   700     0.16169605
   701     0.36571299
   702     0.03361494
   703     0.05686264
   704    -0.16518003
   705     0.08701808
   706     0.00302760
   707     0.29062727
   708     0.13987330
   709     0.10901833
   710     0.02238102
   711     0.11549172
   712     0.08025187
   713    -1.42885843
   714     0.09390925
   715     0.08276498
   716     0.00141304
   717    -0.00543576
   718     0.04337178
   719     0.27421358
   720     0.07478483
   721     0.06619275
   722     0.10229017
   723    -0.00872791
   724     0.03021949
   725     0.10801677
   726     0.07265308
   727    -0.00701048
   728     0.09334682
   729    -0.05416063
   730     0.06004855
   731    -0.05885370
   732    -0.02021354
   733     0.19312815
   734     0.00856064
   735    -0.14600303
   736     0.13499589
   737     0.07025307
   738    -0.14008439
   739     0.24541882
   740    -0.12996665
   741     0.12779718
   742     1.03523417
   743    -0.05406440
   744     0.14977906
   745     0.22319140
   746     0.23580387
   747     1.41094525
   748     0.12787601
   749    -0.15290531
   750    -0.09346458
   751     0.20802329
   752    -0.04841931
   753    -0.12749464
   754     0.13224753
   755     0.04731388
   756    -3.81746799
   757    -0.12500297
   758    -0.18894038
   759    -0.07844779
   760     0.09656990
   761     0.14711761
   762     0.01305351
   763    -0.09137250
   764    -0.08331556
   765     0.04092636
   766    -0.03605778
   767     0.03863932
   768     0.08944577
   769     0.25612073
   770     0.17519483
   771     0.13992062
   772     0.27028482
   773    -0.03537113
   774     1.78796294
   775     0.03892017
   776     0.48025449
   777     0.43992387
   778     0.15879803
   779     0.19040760
   780     1.46325607
   781     0.06164745
   782     0.27284050
   783    -0.02070742
   784    -0.00492947
   785     0.20792880
   786    -0.04137127
   787     0.18062367
   788     0.24055662
   789     0.51482364
   790     0.10893859
   791    -0.16072690
   792     0.55655712
   793     1.02249421
   794     0.33835918
   795     1.35113790
   796     0.04972806
   797     1.35054552
   798     0.10972849
   799     2.70813591
   800     0.63307963
   801     0.07119561
   802     0.28749679
   803    -0.03947031
   804    -3.79092539
   805     0.00091832
   806     1.25478054
   807     1.43949789
   808     1.34346793
   809     0.02163914
   810    -0.04410828
   811     0.21301281
   812    -0.01349358
   813     0.63302984
   814     0.24297698
   815     1.61859618
   816    -0.24458651
   817     1.48098034
   818    -3.44604559
   819     2.15111218
   820    -0.47216068
   821    -2.73454624
   822    -0.00652913
   823     0.07596824
   824     0.10270799
   825    -0.03203107
   826     0.09850257
   827     0.14160416
   828    -0.01114164
   829     0.08917846
   830     0.09711740
   831     0.08669488
   832    -0.03427102
   833     0.16440125
   834     0.83617130
   835    -0.01066038
   836     0.14308558
   837     0.08709258
   838     0.04659808
   839     0.09158809
   840    -0.00075690
   841    -0.09945047
   842     0.09077776
   843     0.02319726
   844     0.04683963
   845     0.16957057
   846     0.06297947
   847    -0.06494360
   848     0.10801838
   849     0.12039026
   850    -0.00297797
   851     0.08023425
   852     0.08973462
   853     0.33754371
   854    -0.06547409
   855     0.10472024
   856    -0.16633404
   857     0.22562090
   858    -0.06008396
   859     0.07749420
   860     0.30276385
   861    -0.02497067
   862     1.28397787
   863     0.10884049
   864    -0.12575940
   865     2.10071370
   866     0.48676674
   867     1.74485077
   868    -0.23458378
   869     0.13531693
   870     0.13662937
   871     0.12130554
   872    -0.10696908
   873     0.07913464
   874     0.45692643
   875     0.27707273
   876     0.20423967
   877     0.07328189
   878     0.19619359
   879    -0.20969500
   880    -0.09579141
   881     0.08150798
   882    -0.04772179
   883     0.08239123
   884     0.12205972
   885     0.11468209
   886    -0.01386607
   887     0.09286083
   888     0.11136234
   889     0.07647400
   890     0.09774144
   891     0.00747763
   892     0.45591963
   893     0.06518310
   894     0.22258229
   895     0.07547547
   896     0.07201249
   897     0.11253349
   898     0.02803236
   899     0.06785567
   900     0.06575994
   901    -0.04319302
   902    -0.04625923
   903     0.08617383
   904     0.09278817
   905     0.05549017
   906     0.13324951
   907     0.11569019
   908    -0.05209004
   909     0.07020916
   910     0.09141624
   911     0.06581567
   912     0.08132584
   913     0.11179825
   914     0.18670938
   915    -0.03837961
   916    -0.07835551
   917    -0.17760593
   918     0.08577941
   919    -0.09232343
   920     0.04272728
   921     0.09956377
   922    -0.16716847
   923     0.74295980
   924     0.11382684
   925    -0.69511487
   926    -0.91527432
   927     1.33050558
   928     0.11277464
   929    -0.09446137
   930     0.12654464
   931     0.06748835
   932     0.10321674
   933     0.07150524
   934     0.21258551
   935     0.31260021
   936     0.15835447
   937    -0.12272443
   938     0.11732538
   939     0.16855740
   940    -0.09850477
   941    -0.18808431
   942    -0.03743054
   943    -0.09592472
   944    -0.00483241
   945    -0.08802698
   946     0.19813350
   947     0.38709624
   948     0.00405960
   949     0.09054248
   950     0.04030657
   951     0.17872885
   952    -0.08085957
   953    -0.00580990
   954     0.02714594
   955     0.27646014
   956     1.38351785
   957     0.32196390
   958     0.19432693
   959     1.46752827
   960     1.95024820
   961    -0.08924899
   962     0.01360818
   963    -0.05009332
   964     0.37957315
   965     0.37055445
   966    -0.00160314
   967     0.11325413
   968     0.11311275
   969     0.07904785
   970    -0.10554093
   971    -0.07359973
   972    -0.03295624
   973    -0.05134356
   974     0.15699016
   975     0.35479240
   976     0.35559561
   977     0.64114379
   978     0.94036275
   979     0.07720234
   980     0.07325913
   981    -0.08348743
   982     0.57651975
   983     1.31609038
   984     0.21999647
   985     0.13220239
   986     0.34894007
   987     0.63085238
   988     2.66617284
   989    -0.02215413
   990     0.32557140
   991     0.12203061
   992     0.08168507
   993     0.08725210
   994     0.07656860
   995     0.32768923
   996     1.73066319
   997     0.20092700
   998     0.00744473
   999     0.36391280
  1000     0.92656127
  1001     2.14304225
  1002     0.08904039
  1003     0.04815255
  1004    -0.06598987
  1005     0.34569186
  1006     1.31426630
  1007     0.07440867
  1008     0.43816508
  1009     0.39751918
  1010     1.39728313
  1011     0.34333737
  1012     0.09906167
  1013     0.07970829
  1014     0.10820295
  1015     5.72707655
  1016     0.02076917
  1017     1.34904743
  1018     0.13354782
  1019    -0.02545474
  1020     0.01886842
  1021     0.09707119
  1022     0.08080322
  1023     0.21565445
  1024     3.52090696
  1025     0.06117757
  1026     1.34693966
  1027     0.14130384
  1028     0.46646114
  1029     0.07586634
  1030     0.05425281
  1031     0.03949439
  1032     0.03139634
  1033    -5.11106117
  1034     0.90851745
  1035    -1.59758789
  1036     0.50841644
  1037     1.47348109
  1038     0.21451131
  1039     0.04199200
  1040    -0.06904059
  1041    -0.07525977
  1042     0.73097480
  1043     0.05955959
  1044     0.12540733
  1045     1.19847411
  1046     0.47787919
  1047     0.24402927
  1048     0.11111382
  1049     0.10402985
  1050    -0.04569784
  1051     1.66077317
  1052     0.02867831
  1053     0.37525488
  1054     1.56762098
  1055     0.31889747
  1056    -0.00424236
  1057     0.07776603
  1058    -0.12673482
  1059    -0.12362868
  1060    -9.32572552
  1061     1.18355634
  1062     1.50085945
  1063     0.21550232
  1064     0.91014321
  1065     0.05115872
  1066    -0.09441298
  1067     0.35056402
  1068     0.98513650
  1069    -0.48705084
  1070     0.37451536
  1071     0.09387601
  1072     0.14953087
  1073     0.69205689
  1074     0.36060331
  1075     2.02540540
  1076     0.31094985
  1077     0.67367446
  1078     0.13371373
  1079    -0.19982505
  1080     0.04005584
  1081    -0.08000728
  1082     0.11114466
  1083     0.13720053
  1084     0.14610395
  1085     0.01313741
  1086    -0.01387105
  1087    -1.93590570
  1088     0.39445174
  1089     0.53022261
  1090    -0.19621534
  1091    -0.31686811
  1092     0.01492733
  1093     0.10241696
  1094     0.06868720
  1095     0.08903980
  1096     0.10543826
  1097     0.20209407
  1098     0.31784565
  1099     0.39378912
  1100     0.31036760
  1101     0.29724337
  1102     0.45825311
  1103     0.39028574
  1104     0.80472616
  1105     0.09620981
  1106    -0.04936141
  1107     0.06493343
  1108     0.79340367
  1109     1.26931589
  1110     0.28342412
  1111    -0.27792158
  1112     0.16875129
  1113     0.13528107
  1114     1.62205366
  1115     0.15866449
  1116     0.61377307
  1117     0.14513052
  1118     0.06198350
  1119     0.17901178
  1120    -0.08264753
  1121     0.70404834
  1122     1.46621126
  1123    -0.03971951
  1124    -0.05120855
  1125    -0.07111113
  1126    -0.11922746
  1127     0.06835531
  1128    -5.63725590
  1129     9.91875537
  1130     1.47853718
  1131    -0.20799118
  1132     0.27213314
  1133     0.94413449
  1134     2.31301886
  1135     0.48725219
  1136     0.15967590
  1137     1.35988852
  1138    -0.01346618
  1139     1.69287348
  1140    -7.55997541
  1141     0.04622687
  1142     0.85694727
  1143    -0.11380090
  1144     0.38162675
  1145     1.29393914
  1146     0.12856320
  1147     0.11726565
  1148     1.67521628
  1149    -0.02749729
  1150     0.35409518
  1151     0.04567000
  1152     1.77266825
  1153     0.17193647
  1154     0.17930881
  1155     0.32391246
  1156    -0.02047443
  1157     0.39322910
  1158     0.09640267
  1159     0.27110839
  1160     0.25287278
  1161     0.14789518
  1162     0.09548344
  1163     0.07885415
  1164     0.73446604
  1165     0.11571494
  1166     0.75097326
  1167     0.25447584
  1168     0.35936583
  1169     0.02923560
  1170     0.02948729
  1171    -0.10663233
  1172     0.01102714
  1173     0.52225215
  1174     0.06907095
  1175     0.14416018
  1176    -0.14474329
  1177     0.30624867
  1178     1.23665932
  1179     0.06664309
  1180    -0.05498583
  1181     0.38415953
  1182     0.10470738
  1183     0.07435113
  1184     0.02361497
  1185     0.12229438
  1186    -0.00548317
  1187     0.22501022
  1188     0.12455771
  1189     0.07076346
  1190    -0.04958771
  1191     0.11646949
  1192    -0.01998015
  1193     0.59047056
  1194     0.23407559
  1195     0.09441086
  1196     0.11599616
  1197     0.08760210
  1198     0.04185033
  1199     0.05701132
  1200     0.06473146
  1201     0.02970202
  1202     0.08561355
  1203    -0.03656387
  1204     0.05751545
  1205     0.22576600
  1206     0.10080672
  1207    -0.02491336
  1208     0.10151918
  1209     0.06746786
  1210     0.07828814
  1211    -0.04488657
  1212     0.00072412
  1213     0.34970054
  1214     0.14321087
  1215     0.02725310
  1216    -0.07046791
  1217     0.10430745
  1218     0.08562510
  1219     0.04398661
  1220    -0.20141158
  1221     0.10296127
  1222     1.60103625
  1223    -0.00276372
  1224    -0.02634185
  1225     0.70784349
  1226     0.59925155
  1227    -2.89355505
  1228    -0.15051381
  1229     0.12813911
  1230     0.08692677
  1231     0.20990755
  1232     0.10530023
  1233    -0.03847456
  1234     0.18030535
  1235     0.17840877
  1236     0.56964541
  1237    -0.10875285
  1238     0.15876067
  1239    -0.24473096
  1240     0.00385290
  1241     0.17084413
  1242    -0.19334365
  1243    -0.03683526
  1244    -0.01588996
  1245     0.10556924
  1246     0.07641623
  1247     0.03882359
  1248    -0.05449347
  1249     0.04423507
  1250    -0.06459458
  1251    -0.05663265
  1252     0.02519842
  1253    -0.17870098
  1254     0.57313394
  1255    -0.08321493
  1256    -0.38808867
  1257     0.09108862
  1258     0.60446359
  1259     0.10042231
  1260     0.21233503
  1261     0.07831936
  1262    -0.07668642
  1263     0.10461882
  1264     0.05813035
  1265     0.13063975
  1266    -0.19299061
  1267    -0.10821862
  1268     0.08050875
  1269     1.14711084
  1270     0.16631694
  1271    -0.06477587
  1272     0.11670815
  1273    -5.76562930
  1274     0.63930461
  1275   -14.32632524
  1276     0.11268625
  1277    -2.36801323
  1278     0.06986757
  1279    -1.96026760
  1280     1.24918369
  1281    -0.20597966
  1282     0.42916885
  1283     0.40666218
  1284    -3.60772837
  1285     0.09424763
  1286    -2.28233184
  1287    -5.77351819
  1288     0.19489985
  1289     0.83639206
  1290    -0.17280877
  1291     0.30111360
  1292     0.07945412
  1293   -19.98238694
  1294     0.65332580
  1295    -2.33698401
  1296     0.04025645
  1297    -4.57908153
  1298    -0.48345096
  1299    -3.57731703
  1300    -0.18428374
  1301     0.00771724
  1302    -0.21340536
  1303     0.05836237
  1304     0.08903645
  1305    -0.08921124
  1306     0.12481414
  1307     0.06826443
  1308     0.10082738
  1309     0.10755508
  1310     0.13309974
  1311     0.05251066
  1312    -0.00146344
  1313     0.10353540
  1314    -3.99925660
  1315    -0.02697140
  1316     0.10729740
  1317     0.05224299
  1318     0.05957944
  1319     0.08446742
  1320     0.31924358
  1321    -0.08111846
  1322     0.08232394
  1323     0.10386703
  1324    -0.01886144
  1325     0.08505376
  1326    -0.08435717
  1327    -0.04837862
  1328     0.08097250
  1329     0.07343121
  1330    -0.03136807
  1331     0.04264888
  1332    -0.09695600
  1333     0.01054067
  1334    -0.03092070
  1335    -0.01585818
  1336    -0.20230904
  1337     0.22518987
  1338     0.06279540
  1339     0.11516905
  1340     0.55157263
  1341    -0.09707568
  1342     0.49771616
  1343     0.40821839
  1344    -0.15097972
  1345     2.23073431
  1346     0.24032745
  1347     0.28911674
  1348    -0.07231404
  1349     0.14721171
  1350    -0.06258482
  1351    -0.11682494
  1352     0.04051796
  1353    -0.12208749
  1354    -1.16542112
  1355     0.27232241
  1356     0.02303867
  1357     0.07155592
  1358    -0.04998934
  1359    -0.21502917
  1360     0.04365524
  1361     0.07197447
  1362     0.14124558
  1363     0.09023989
  1364     0.12627009
  1365     0.11882575
  1366     0.12159915
  1367     0.07989292
  1368     0.06900200
  1369    -0.03988714
  1370     0.10636299
  1371     0.06610223
  1372     0.40967796
  1373     0.24145012
  1374     0.04777182
  1375     0.08901678
  1376     0.08503672
  1377     0.09591387
  1378    -0.02012229
  1379     0.05821526
  1380     0.07068629
  1381     0.07385142
  1382    -0.04418585
  1383     0.03025965
  1384     0.14931989
  1385     0.09139000
  1386     0.06684674
  1387     0.10966073
  1388     0.08120853
  1389    -0.03462766
  1390    -0.00738257
  1391     0.08067798
  1392     0.09524455
  1393     0.10119237
  1394     0.09079519
  1395     0.18323923
  1396    -0.02722916
  1397     0.02414356
  1398    -0.15978221
  1399    -0.14521893
  1400     0.06826800
  1401    -0.03643597
  1402    -0.09136617
  1403    -0.02444360
  1404     0.84114383
  1405     1.21105047
  1406    -6.95606946
  1407     1.96373787
  1408     0.13086536
  1409     0.04713318
  1410    -0.11156830
  1411     0.11270073
  1412    -0.04030628
  1413     0.12786712
  1414     0.13484366
  1415     0.36258026
  1416     0.19250684
  1417     0.15803458
  1418    -0.13733153
  1419     0.07183343
  1420     0.11368017
  1421    -0.17287716
  1422    -0.20984361
  1423    -0.06353183
  1424    -0.06493951
  1425    -0.01924637
  1426     0.07390787
  1427     0.46144737
  1428     0.00241566
  1429     0.14248414
  1430    -0.01387065
  1431    -0.02695268
  1432    -0.05333614
  1433    -0.08463637
  1434     0.06131144
  1435     0.23112727
  1436     0.42249811
  1437     1.20627542
  1438     0.64562345
  1439     0.17997830
  1440     0.84255955
  1441    -0.12003375
  1442    -0.04696695
  1443     0.02241313
  1444     0.10978134
  1445     0.82623328
  1446     0.12760049
  1447     0.06544095
  1448     0.11013688
  1449     0.09433194
  1450     0.02054536
  1451    -0.08413817
  1452    -0.07595556
  1453     0.17451548
  1454    -0.04321277
  1455     0.31623225
  1456     0.50989936
  1457     0.58974346
  1458     0.87221390
  1459    -0.05533655
  1460     0.08110493
  1461    -0.00861973
  1462     0.21978688
  1463     1.23404285
  1464     0.66635926
  1465     0.25830121
  1466     0.14129809
  1467     0.76725257
  1468    -0.83801199
  1469     0.69995733
  1470     0.01200542
  1471     0.09673672
  1472     0.12437282
  1473     0.11005459
  1474     0.46391783
  1475     0.07425486
  1476     1.03590380
  1477     1.64306861
  1478     0.31610150
  1479    -0.05088188
  1480     0.09683394
  1481     2.46342136
  1482     0.88634805
  1483     0.23580070
  1484    -0.03601108
  1485     0.00208298
  1486     1.87466272
  1487     0.35246586
  1488     0.07152807
  1489     0.27795204
  1490     0.70549021
  1491     1.35376915
  1492     0.14136938
  1493     0.08607383
  1494     0.06770174
  1495     4.68622048
  1496     0.93173530
  1497     0.02260048
  1498     0.09563302
  1499     0.09342526
  1500     0.05520969
  1501     0.13859973
  1502     0.11482847
  1503     0.17926958
  1504     4.36225934
  1505     1.61723004
  1506     0.03369637
  1507     0.09059172
  1508     0.25732248
  1509     0.27681778
  1510     0.05423454
  1511     0.09034108
  1512    -0.04770265
  1513    -7.32669976
  1514     1.44996928
  1515     0.95341039
  1516     0.14983035
  1517     1.68926962
  1518     0.93483397
  1519     0.01159679
  1520     0.09525679
  1521    -0.13579638
  1522     0.46442752
  1523     0.29023269
  1524     0.01542003
  1525     0.33657979
  1526     1.05769475
  1527     0.24763476
  1528     0.08361478
  1529     0.08272252
  1530     0.11079122
  1531     1.87481453
  1532     0.19459336
  1533     0.06710651
  1534     0.34672086
  1535     1.06843807
  1536     0.10855603
  1537    -0.02466087
  1538     0.04546654
  1539    -0.02778129
  1540     0.49259303
  1541    -6.39804210
  1542     1.71586680
  1543     0.05346257
  1544     1.25829025
  1545     0.22205286
  1546     0.89528601
  1547    -0.14019131
  1548     1.74709760
  1549    -0.13830739
  1550    -0.25323352
  1551     0.93594535
  1552     0.34826537
  1553     0.23068114
  1554     0.24487196
  1555     0.46736614
  1556     1.59832068
  1557     0.63453211
  1558     0.16609330
  1559    -0.00629540
  1560    -0.25218802
  1561     0.11390399
  1562    -0.25978317
  1563     0.11393044
  1564     0.11575529
  1565     0.15689517
  1566    -0.13125639
  1567     0.86648718
  1568    -0.79105222
  1569     0.25074165
  1570    -0.14800838
  1571    -0.12992466
  1572    -0.27422637
  1573     0.09221951
  1574     0.10812603
  1575     0.13269790
  1576     0.19925888
  1577     0.04828062
  1578     0.31492624
  1579     0.39429285
  1580    -5.44097205
  1581     0.28281517
  1582     0.58718749
  1583     0.28054765
  1584     0.80042633
  1585     0.09874354
  1586     0.06126898
  1587    -0.07167995
  1588     0.30985181
  1589     1.51985705
  1590     0.53003050
  1591    -0.12421017
  1592    -0.15959779
  1593     0.22838202
  1594     1.42155550
  1595     0.72766476
  1596     0.11843262
  1597     0.16166839
  1598     0.08888605
  1599     0.09793433
  1600     0.42533461
  1601    -0.01430864
  1602     1.31387998
  1603     0.13560759
  1604     0.12472370
  1605     0.12846115
  1606     0.08454313
  1607     0.08590949
  1608     0.06868832
  1609     0.08287979
  1610    -0.00106714
  1611     0.07555091
  1612     0.14446689
  1613     0.25753061
  1614     0.24979151
  1615     0.09417172
  1616     0.09448937
  1617     0.08682661
  1618     0.07093983
  1619     0.04532334
  1620     0.04864563
  1621     0.01953515
  1622     0.04936322
  1623    -0.04609969
  1624     0.07887338
  1625     0.10635506
  1626     0.09234971
  1627     0.01159871
  1628     0.08545439
  1629     0.08388552
  1630     0.09930038
  1631     0.08639178
  1632     0.09556236
  1633     0.12434573
  1634     0.08557489
  1635     0.11194329
  1636    -0.15007615
  1637    -0.09882223
  1638    -0.10323196
  1639    -0.04961096
  1640    -0.07785829
  1641     0.01142386
  1642     0.33843867
  1643     0.01679533
  1644     0.03578970
  1645    -4.68457101
  1646     1.42138683
  1647    -4.79469539
  1648     0.00232575
  1649     0.08749245
  1650    -0.01857072
  1651     0.09326848
  1652     0.10173975
  1653     0.06727693
  1654     0.19884305
  1655     0.13392989
  1656     0.21321327
  1657     0.13344147
  1658     0.14766684
  1659     0.07555274
  1660    -0.18396913
  1661    -0.02394267
  1662    -0.02877031
  1663    -0.08055373
  1664    -0.10191998
  1665    -0.10381146
  1666     0.13209157
  1667     0.01099300
  1668     0.18776714
  1669     0.03781778
  1670     0.03779917
  1671     0.05239337
  1672    -0.03224579
  1673    -0.04886477
  1674    -0.08547883
  1675     0.73164906
  1676     0.40744131
  1677     0.44244827
  1678     1.45547550
  1679     1.15750086
  1680     0.48467900
  1681    -0.05579639
  1682    -0.09111491
  1683    -0.09292387
  1684     0.23198358
  1685     0.14914175
  1686     0.33821825
  1687     0.11350497
  1688     0.10396108
  1689     0.11328108
  1690    -0.08474395
  1691    -0.06882117
  1692    -0.06641355
  1693     0.16879254
  1694     0.17609198
  1695     0.04682063
  1696     0.63606562
  1697     0.59702720
  1698     0.48955112
  1699     0.04090509
  1700    -0.02962018
  1701     0.06503897
  1702     0.74649385
  1703     0.39779434
  1704     0.71460214
  1705     0.37770293
  1706     0.34095708
  1707     0.21483870
  1708     0.14485456
  1709     0.76782913
  1710     0.47630425
  1711     0.10850228
  1712     0.10586643
  1713     0.11959621
  1714     0.47004168
  1715     0.56070113
  1716     0.17370558
  1717     0.14930183
  1718     0.48067659
  1719     0.57510350
  1720     1.25472213
  1721     0.26433681
  1722     1.23672580
  1723     0.00244782
  1724     0.16839248
  1725     0.06100136
  1726     0.17032750
  1727     0.44282125
  1728     0.45288649
  1729     1.09771542
  1730     0.51187066
  1731     0.63881124
  1732     0.05126489
  1733     0.12151525
  1734     0.10678761
  1735     0.23491147
  1736     1.34736467
  1737     0.38810404
  1738    -0.02431457
  1739     0.00689021
  1740     0.07605182
  1741     0.14674296
  1742     0.15773314
  1743     0.12541775
  1744     0.25597029
  1745     0.31233732
  1746     1.32980250
  1747     0.24500477
  1748     0.14304114
  1749     0.19809188
  1750    -0.02342452
  1751    -0.01962765
  1752     0.04863479
  1753     2.02171550
  1754    -5.68100283
  1755     1.40676043
  1756     1.01146832
  1757     0.44104437
  1758     0.97319513
  1759    -0.00356161
  1760    -0.05848969
  1761     0.04693531
  1762     0.13761630
  1763     0.21928486
  1764     0.27707186
  1765     0.49467997
  1766     0.45223457
  1767     0.89763259
  1768     0.08746644
  1769     0.07607921
  1770     0.11038584
  1771     0.11775746
  1772     0.44123113
  1773     0.39617937
  1774     0.34108523
  1775     0.37544832
  1776     0.82080437
  1777    -0.18692968
  1778    -0.13842549
  1779    -0.02298600
  1780    -2.95167307
  1781    -3.78146594
  1782    -8.34779477
  1783     0.31078279
  1784     0.11026801
  1785     0.32212464
  1786     0.80874364
  1787     0.88080627
  1788     0.23972337
  1789     0.13388199
  1790    -0.10865426
  1791    -0.24861645
  1792     0.22852246
  1793     0.23393130
  1794     0.18003379
  1795     0.39898443
  1796     0.47956207
  1797     0.84110062
  1798    -0.06833551
  1799     0.04376456
  1800     0.03387160
  1801     0.09074211
  1802     0.08782114
  1803    -0.09871054
  1804     0.07885718
  1805     0.10230819
  1806     0.14840872
  1807     0.81823324
  1808     0.95515418
  1809     0.54595145
  1810    -0.26347141
  1811    -0.17130395
  1812    -0.12227572
  1813     0.12866659
  1814     0.13204646
  1815     0.13175146
  1816     0.21970128
  1817     0.22539343
  1818     0.15124402
  1819     0.43420450
  1820     0.48614390
  1821     0.87951967
  1822     0.46128666
  1823     0.52836720
  1824     0.38254954
  1825    -0.00262636
  1826     0.07454105
  1827     0.06147633
  1828     0.75844431
  1829     0.49448270
  1830     0.87356518
  1831     0.11136728
  1832    -0.04703739
  1833    -0.06652465
  1834     0.36769964
  1835     0.73147353
  1836     0.75413975
  1837     0.14947045
  1838     0.17876175
  1839     0.15652631
  1840     0.73176475
  1841     0.66989146
  1842     0.27711702
  1843    -0.11190214
  1844    -0.04221809
  1845     0.02114346
  1846     0.13145776
  1847     0.10840582
  1848     0.11867439
  1849     0.11668816
  1850     0.11119911
  1851     0.10044986
  1852     0.12783082
  1853    -0.01337225
  1854     0.12502708
  1855     0.11448038
  1856     0.12705187
  1857     0.11171732
  1858     0.09113556
  1859     0.05198728
  1860     0.05719319
  1861     0.04211599
  1862    -0.00395879
  1863    -0.04318324
  1864     0.11910229
  1865     0.11955205
  1866     0.11397694
  1867     0.09511817
  1868     0.09165753
  1869     0.11185828
  1870     0.34045710
  1871     0.80043344
  1872     0.77993048
  1873     0.11589839
  1874     0.06762020
  1875     0.06246875
  1876     0.13600374
  1877     0.08327322
  1878     0.09886745
  1879    -0.02761463
  1880    -0.01128645
  1881    -0.00601391
  1882     0.05770051
  1883    -0.02244525
  1884     0.03747795
  1885     0.11399942
  1886     0.10410246
  1887     0.10432299
  1888     0.11900820
  1889     0.01133631
  1890    -0.01566854
  1891     0.07113138
  1892     0.07044369
  1893     0.06793676
  1894     0.08929902
  1895     0.07703299
  1896     0.08294258
  1897     0.09125752
  1898     0.05273707
  1899     0.07564568
  1900    -0.08218292
  1901    -0.08708970
  1902    -0.09645700
  1903     0.08785165
  1904     0.06778907
  1905     0.08092220
  1906     0.01032373
  1907     0.07346562
  1908     0.13238281
  1909     0.07790633
  1910     0.05554390
  1911     0.01381705
  1912     0.10761883
  1913     0.07242149
  1914     0.07849704
  1915     0.11832516
  1916     0.12733214
  1917     0.12326849
  1918     0.02993662
  1919    -0.05079085
  1920    -0.03327926
  1921     0.08146087
  1922     0.03535518
  1923     0.06472720
  1924    -0.07607082
  1925     0.04714458
  1926    -0.05620760
  1927     0.03797266
  1928    -0.03910913
  1929    -0.01253412
  1930     0.09394194
  1931     0.09930513
  1932     0.08499719
  1933    -0.00084787
  1934     0.09742663
  1935     0.11340670
  1936     0.03102746
  1937    -0.05468637
  1938     0.12164975
  1939    -0.07877948
  1940     0.11692450
  1941    -0.02077606
  1942    -0.06052995
  1943    -0.11772285
  1944    -0.05750595
  1945     0.02058919
  1946    -0.13439557
  1947    -0.07206527
  1948     0.10701190
  1949    -0.05634077
  1950     0.12728861
  1951    -0.08979551
  1952    -0.14825316
  1953    -0.22198065
  1954     0.11604896
  1955     0.12383375
  1956     0.09862797
  1957     0.19889893
  1958     0.09523663
  1959     0.24895938
  1960    -0.14077120
  1961    -0.13892493
  1962    -0.05177563
  1963     0.16126733
  1964     0.34046827
  1965     0.53485640
  1966     0.34919305
  1967     0.83281356
  1968     0.66840678
  1969     0.60156327
  1970     1.75026331
  1971     1.19827852
  1972    -2.81512390
  1973    -3.67762349
  1974    -3.13789799
  1975     0.63455534
  1976     0.74175591
  1977     0.35185256
  1978    -0.04113397
  1979     0.10135387
  1980     0.10756442
  1981    -0.11166028
  1982    -0.15190880
  1983    -0.18110713
  1984     0.11470446
  1985     0.03319685
  1986     0.11072680
  1987     0.05912563
  1988     0.09274355
  1989     0.11877204
  1990    -0.00401444
  1991    -0.09649327
  1992     0.04671915
  1993     0.03926812
  1994     0.12758705
  1995     0.09177320
  1996     0.11173831
  1997     0.14821673
  1998     0.12964548
  1999     0.62538817
  2000     0.77288226
  2001     0.63165955
  2002     0.19613450
  2003     0.17138532
  2004     0.20389433
  2005    -0.16856587
  2006    -0.05510168
  2007     0.04862667
  2008    -0.08895461
  2009     0.03746162
  2010     0.10124076
  2011     0.08843244
  2012    -0.06263934
  2013    -0.09591345
  2014     0.14043055
  2015     0.07165058
  2016     0.13844286
  2017    -0.19278509
  2018    -0.10569667
  2019    -0.07755469
  2020    -0.09644082
  2021    -0.14446626
  2022    -0.04456404
  2023    -0.00817693
  2024    -0.08528270
  2025    -0.08296585
  2026    -0.05075031
  2027    -0.01283936
  2028    -0.01600324
  2029    -0.06005581
  2030    -0.00718681
  2031     0.01188891
  2032     0.10321797
  2033     0.12530097
  2034     0.10335356
  2035     1.11621836
  2036     0.88127411
  2037     1.19507524
  2038    -0.08539190
  2039    -0.04365432
  2040    -0.08293253
  2041     0.11284085
  2042     0.11903161
  2043     0.13180071
  2044     0.00259541
  2045    -0.07520699
  2046     0.04160719
  2047     0.23640330
  2048     0.12170542
  2049     0.32832333
  2050    -0.02141188
  2051    -0.07426542
  2052    -0.06822658
  2053    -0.05405903
  2054    -0.04626263
  2055    -0.04875140
  2056     0.07559725
  2057     0.09461085
  2058     0.10591583
  2059     0.11945145
  2060     0.18548438
  2061     0.16901974
  2062     0.65316985
  2063     1.02647139
  2064     1.29512996
  2065     0.43544765
  2066     0.88404781
  2067     0.54467101
  2068     0.16597043
  2069     0.18090190
  2070     0.25430361
  2071     0.10208251
  2072    -0.03985097
  2073     0.28883629
  2074     0.36278219
  2075    -1.82296099
  2076    -4.76715994
  2077    -0.07976557
  2078    -0.10560405
  2079    -0.12072090
  2080     0.02864402
  2081     0.04831673
  2082     0.03481958
  2083    -0.01016887
  2084     0.05968457
  2085     0.07371896
  2086     0.15549842
  2087     0.20555320
  2088     0.14617908
  2089     3.55654722
  2090   -17.57444509
  2091     0.21164369
  2092    -0.03976684
  2093    -0.02339665
  2094     0.01109658
  2095     0.10547346
  2096     0.11032956
  2097     0.08072231
  2098     0.10325170
  2099     0.08798369
  2100     0.10998982
  2101     0.10097212
  2102     0.09699796
  2103     0.10891191
  2104     0.01800122
  2105    -0.08207353
  2106     0.01433273
  2107    -0.05315836
  2108    -0.00483124
  2109    -0.04572560
  2110    -0.04437270
  2111    -0.05192962
  2112    -0.03803094
  2113     0.09133921
  2114     0.04207399
  2115     0.10039873
  2116     0.05574770
  2117     0.10752451
  2118     0.09699304
  2119     0.64269086
  2120     0.59930074
  2121     0.60621798
  2122     0.16896404
  2123     0.24003758
  2124     0.28752900
  2125     0.77984415
  2126    -3.58850033
  2127     0.86766315
  2128     1.43790979
  2129     1.39135628
  2130     0.05458342
  2131     0.05006687
  2132     0.06122399
  2133    -0.02192752
  2134     0.07242474
  2135     0.07027073
  2136     0.08999583
  2137    -0.08433750
  2138    -0.04219627
  2139    -0.06425212
  2140     0.15924612
  2141     0.28150231
  2142     0.19409393
  2143     1.05618301
  2144    -7.88148503
  2145     0.57572184
  2146     0.18600093
  2147     0.29193374
  2148     0.13681139
  2149     0.07802129
  2150     0.10400585
  2151     0.13936652
  2152     0.11998734
  2153     0.03610200
  2154     0.17715760
  2155     1.45900019
  2156     1.56993152
  2157     0.38657660
  2158    -7.79902508
  2159    20.01761306
  2160   -14.05338277
  2161    -0.01084364
  2162    -0.02746029
  2163    -0.01485571
  2164     0.00066537
  2165     0.02546702
  2166     0.02403539
  2167     0.10316780
  2168     0.11407737
  2169     0.10834097
  2170     0.10954294
  2171     0.04757531
  2172     0.06372167
  2173     0.10828616
  2174     0.14732196
  2175     0.20579214
  2176     0.07617571
  2177     0.07782064
  2178     0.11750310
  2179     0.11600230
  2180     0.27728864
  2181     0.22354690
  2182     2.69151292
  2183     1.95777666
  2184     1.75174527
  2185    -6.26145825
  2186    -3.26051822
  2187     3.71092903
  2188     0.08053775
  2189     0.03815923
  2190     0.04460117
  2191     0.04813660
  2192    -0.08023315
  2193    -0.09172908
  2194     0.07996241
  2195     0.11914904
  2196     0.08624276
  2197    -5.32815783
  2198    -6.08692376
  2199    -5.57411622
  2200     0.07112791
  2201     0.05566418
  2202     0.08254063
  2203     0.08387802
  2204     0.07292703
  2205     0.15818613
  2206    -0.02707182
  2207     0.07871248
  2208     0.03234718
  2209     0.48011269
  2210     0.28897531
  2211     0.71920026
  2212     0.70026063
  2213     1.98056492
  2214     4.07939679
  2215     0.07896148
  2216    -0.03097594
  2217     0.04883222
  2218     0.06634551
  2219     0.04333443
  2220    -0.01836953
  2221     0.14840050
  2222     0.24156356
  2223     0.20758026
  2224     1.21490541
  2225     1.39749094
  2226     1.74636147
  2227     0.37207526
  2228     0.71890183
  2229     0.34206017
  2230     0.11869317
  2231     0.11909043
  2232     0.13933078
  2233    -0.01489175
  2234    -0.04049902
  2235     0.03405613
  2236    -0.01723526
  2237     0.02466337
  2238    -0.12924021
  2239    -1.58990200
  2240     2.26241720
  2241    -3.68386406
  2242     0.05083009
  2243    -0.06443984
  2244    -0.00724957
  2245     0.01059454
  2246    -0.01375276
  2247    -0.01313280
  2248     0.12492450
  2249     0.14053853
  2250     0.12574816
  2251     0.01312057
  2252    -0.15281198
  2253    -0.07172112
  2254     0.07861385
  2255     0.06525351
  2256     0.08196259
  2257    -0.03677694
  2258     0.00675383
  2259     0.06434909
  2260     0.09022968
  2261     0.03888360
  2262    -0.03568242
  2263     0.29034439
  2264     0.26467325
  2265     0.34483128
  2266    -5.57298037
  2267    -3.68802048
  2268     0.74963636
  2269     0.01527223
  2270     0.02829185
  2271     0.03988951
  2272    -0.00708989
  2273    -0.06805003
  2274    -0.08669050
  2275    -0.01868732
  2276     0.01427580
  2277     0.06080120
  2278     0.41121569
  2279     0.55279571
  2280     0.60035760
  2281    -0.00943447
  2282     0.13810638
  2283     0.02442300
  2284     0.03640602
  2285    -0.02234525
  2286     0.00337681
  2287     0.08579598
  2288     0.04007845
  2289     0.07173116
  2290     0.07688084
  2291    -0.00530082
  2292     0.08986622
  2293    -4.33107103
  2294    -4.58729956
  2295    -0.98116631
  2296     1.18569747
  2297     0.48201019
  2298     0.65474485
  2299     1.54392006
  2300     0.78246730
  2301     0.42821242
  2302    -0.05560746
  2303     0.15955807
  2304     0.05980506
  2305    -0.63391367
  2306     2.13149319
  2307    -8.73978316
  2308     0.21093966
  2309     0.33706211
  2310     0.16649565
  2311    -0.08296411
  2312    -0.09346549
  2313    -0.10427264
  2314     0.08697378
  2315     0.00204122
  2316     0.05869110
  2317    -0.05215168
  2318    -0.14000253
  2319    -0.08220932
  2320     0.18181012
  2321     1.67598650
  2322     1.73563358
  2323     0.15313631
  2324     0.11284237
  2325     0.09959834
  2326     0.01075530
  2327    -0.10014417
  2328    -0.08499196
  2329     0.40090998
  2330     0.74237461
  2331     0.40068659
  2332     0.65860795
  2333     0.90643273
  2334     0.89845125
  2335     0.15476805
  2336     0.13330220
  2337     0.09900376
  2338     0.04144689
  2339     0.10656071
  2340     0.10195573
  2341     0.07080486
  2342     0.08312028
  2343     0.09794889
  2344     0.07283764
  2345     0.16659199
  2346     0.29557184
  2347    -4.27327926
  2348     2.02250645
  2349     1.02090393
  2350     0.01046107
  2351    -0.04417829
  2352    -0.07227889
  2353     0.08975807
  2354     0.08453407
  2355     0.09304092
  2356     0.99886943
  2357     1.49355970
  2358     0.62952715
  2359     1.39244136
  2360     1.14184004
  2361     0.62721408
  2362    -0.19122512
  2363    -0.09301445
  2364    -0.16522869
  2365     0.12248911
  2366     0.11295348
  2367     0.08123087
  2368    -0.01244975
  2369    -0.06798907
  2370    -0.02689570
  2371     0.14707203
  2372     0.25364546
  2373     0.61543151
  2374     0.85744422
  2375    -6.68016243
  2376    -2.78228100
  2377    -0.07734371
  2378     1.91339220
  2379     1.64315157
  2380     1.75726647
  2381     1.72820298
  2382     1.05132645
  2383     0.00917638
  2384     0.01835944
  2385    -0.01628130
  2386     1.09011840
  2387    -4.81608470
  2388     1.20170440
  2389     0.06610967
  2390     0.12856055
  2391     0.08028724
  2392    -0.07078427
  2393    -0.01246996
  2394     0.19821539
  2395    -0.17701309
  2396    -0.17507881
  2397    -0.04671787
  2398    -5.54224732
  2399    -0.94941034
  2400    -3.26485789
  2401    -0.15804877
  2402    -0.42110331
  2403    -0.15743987
  2404     0.02928002
  2405     0.16670557
  2406     0.19345474
  2407     0.33747231
  2408     0.97698622
  2409     0.93657658
  2410     0.22549151
  2411     0.18673535
  2412     0.29155411
  2413     1.38701863
  2414     4.39767845
  2415     1.26033574
  2416     0.30729961
  2417     0.16125660
  2418     0.18517071
  2419     2.31659185
  2420     1.62145470
  2421     0.99505154
  2422     0.68808360
  2423     0.31284717
  2424     0.28541405
  2425     1.37004446
  2426     0.96029833
  2427    -0.42969931
  2428     2.18520061
  2429     0.54623593
  2430     0.45798532
  2431     0.05321061
  2432     0.08336263
  2433    -0.08780553
  2434    -0.12258274
  2435    -0.22223088
  2436    -0.14830432
  2437     0.13089321
  2438     0.05995258
  2439     0.10626253
  2440    -0.13371135
  2441    -0.12322083
  2442     0.03501943
  2443     0.09737388
  2444     0.03985446
  2445    -0.12251678
  2446    -0.01278480
  2447     0.09976223
  2448     0.11290347
  2449     0.13264230
  2450     0.07539247
  2451     0.07412201
  2452    -0.04256638
  2453    -0.05148420
  2454     0.03616115
  2455    -0.35315569
  2456    -6.73461491
  2457    -0.11111085
  2458     0.99979483
  2459     0.44839076
  2460     0.46156551
  2461     0.23243977
  2462     0.16051397
  2463     0.06993570
  2464    -0.18502396
  2465    -0.25066898
  2466    -0.22270903
  2467    -0.11429001
  2468     0.00118734
  2469    -0.22085418
  2470     0.03832099
  2471    -0.12402023
  2472     0.02769980
  2473     0.02943069
  2474     0.06902346
  2475     0.08687567
  2476     0.03676223
  2477    -0.15205377
  2478    -0.08227474
  2479     0.10749212
  2480     0.13408720
  2481     0.10158698
  2482     0.12567928
  2483     0.12729156
  2484     0.15179071
  2485    -0.06909872
  2486    -0.03813500
  2487     0.11246596
  2488     0.55755404
  2489     0.55562510
  2490     0.88638697
  2491     0.50864079
  2492     0.85139350
  2493     0.50033785
  2494    -3.99466197
  2495    -0.03925151
  2496     0.67462411
  2497     0.21748545
  2498     0.21578095
  2499     0.11713279
  2500    -0.81008743
  2501     0.75205792
  2502     0.61630561
  2503     0.17902630
  2504     0.01552750
  2505     0.19505758
  2506     1.45393039
  2507     1.39863178
  2508    -0.66074501
  2509    -0.05976014
  2510     0.05421562
  2511     0.06015249
  2512    -0.09203899
  2513    -0.15206347
  2514    -0.17481526
  2515    -0.04812302
  2516    -0.04079295
  2517     0.05536580
  2518     0.16761317
  2519     0.40153147
  2520     0.26412617
  2521     1.43285010
  2522    -2.59057658
  2523     1.59580378
  2524     0.16694963
  2525     0.22102189
  2526    -0.04556132
  2527    -0.10059542
  2528    -0.26057478
  2529    -0.21348696
  2530    -0.06939862
  2531    -0.05407359
  2532     0.06244441
  2533     0.24537412
  2534     0.19383324
  2535     0.22616112
  2536    -6.28142718
  2537    -0.20374773
  2538     0.54000747
  2539     0.34804304
  2540     0.17870026
  2541     0.18431116
  2542     0.26000142
  2543     0.10871281
  2544     0.11128357
  2545     0.10530161
  2546     0.13969625
  2547     0.13481190
  2548    -0.04964764
  2549    -0.15314831
  2550     0.01117273
  2551     0.17324623
  2552     0.12608584
  2553     0.14947161
  2554     0.02651947
  2555    -0.07810121
  2556     0.13926204
  2557     0.13309999
  2558     0.16867551
  2559     0.29178263
  2560     1.24003746
  2561    -5.08883856
  2562     3.89801511
