 -0.959001348566346     
 -0.958439559440450     
 -0.958237989312939     
 -0.961870392879444     
 -0.959467628643231     
 -0.954427664162771     
  0.740411240242406     
  0.970580969477714     
  0.798944552959311     
 -0.855179616260210     
 -0.875589945594500     
  0.953194115599180     
 -0.967454390630144     
 -0.964128233229281     
 -0.964994386010921     
 -0.966905437481668     
 -0.967568179480618     
  0.967835269887371     
  0.959697071702691     
  0.970000421310807     
  0.979489361097638     
  0.978983084334740     
 -0.965108366807378     
 -0.962493253172189     
 -0.968875750650166     
 -0.958536753565471     
 -0.966153723531775     
  0.980422095676957     
  0.980427160132040     
  0.487778124594387     
 -0.756521183312923     
  0.743033464915335     
 -0.974179294098129     
 -0.966859819810757     
 -0.945281257079952     
 -0.985851529736238     
 -0.960208263790592     
 -0.977618255996963     
 -0.939539338190131     
 -0.968723809808530     
 -0.968371508344895     
 -0.972866794669099     
 -0.965631826064756     
 -0.963934236009924     
 -0.964094412690557     
 -0.965308827409267     
 -0.966042381700276     
  0.957857329736366     
  0.953715490348147     
  0.958863051028276     
  0.965905992644553     
  0.965299740837462     
 -0.962884616671101     
 -0.960307008540562     
 -0.966123563434032     
 -0.959223330098425     
 -0.962559273977848     
  0.963112067884651     
  0.982554056074975     
  0.784550427112461     
 -0.770109825142697     
  0.646551500048580     
 -0.977950318784263     
 -0.409702979579214     
 -6.057857077135349E-002
 -0.854492993312026     
 -0.971141641283939     
 -0.966884930383831     
 -0.967198040266003     
 -0.974564842945249     
 -0.964361508739070     
 -0.964640880051942     
 -0.963103985813831     
 -0.960085098631086     
 -0.962305311145839     
 -0.963005167060867     
 -0.961533477747599     
  0.977974981676816     
  0.973218609841726     
  0.981732051245441     
  0.761474815296834     
  0.966466312877509     
 -0.962533990652831     
 -0.962450093507240     
 -0.966296154909342     
 -0.956339910707447     
 -0.963270818405788     
  0.979359603872492     
  0.967039823423485     
 -0.352031957093411     
 -0.131716622726009     
  0.768261147969280     
 -0.965917510536386     
 -0.971018956800344     
 -0.971771683705104     
 -0.973129779261255     
 -0.955919286918271     
 -0.797494587679492     
  0.403489598081431     
 -0.482811478351204     
 -0.980558440686985     
 -0.978704747341597     
 -0.966351397767675     
 -0.965231572541747     
 -0.964000146645698     
 -0.964367334829239     
 -0.961891551675634     
 -0.962636095718459     
 -0.966859523461187     
 -0.965979748999662     
 -0.966714985892965     
 -0.967309324264086     
 -0.964011884573460     
 -0.963638182466474     
 -0.968686681969470     
 -0.966896752787977     
 -0.966954812508125     
  0.959277916826037     
  0.972954700637046     
  0.966525821831946     
  0.960262944105800     
  0.969894988204051     
  0.974157285352317     
  0.972802778146519     
  0.980711396312674     
  0.967413603763816     
  0.978418447637368     
  0.912991201360058     
  0.964968645445307     
  0.971058235531062     
  0.982012557295692     
  0.979008385132639     
 -0.907025811731315     
 -0.976085314220815     
 -0.964858952576716     
 -0.969747465480938     
 -0.977844041444322     
 -0.971203444274256     
  0.764306026174542     
 -0.914569957949988     
  0.440358832181142     
 -0.968283902872864     
 -0.944871467518598     
 -0.968918892374243     
  0.474574318298778     
 -0.913143959780429     
  0.758802412615809     
 -0.975907772956385     
 -0.983685496908412     
 -0.975717559865620     
 -0.907136729118514     
 -0.985953007252096     
 -0.910671305448038     
 -0.955881728033367     
 -0.957594119003029     
 -0.953864381088928     
 -0.980501704016573     
 -0.972215715314845     
 -0.980376319857733     
 -0.967554073900872     
 -0.972953643172671     
 -0.967580166169100     
 -0.961916922769551     
 -0.961191892986167     
 -0.961215315364308     
 -0.961775559721182     
 -0.962147123757464     
  0.954613428995994     
  0.952609980163776     
  0.955064942524799     
  0.958546627042951     
  0.958255789282070     
 -0.960161714788643     
 -0.958598494119235     
 -0.963456468734499     
 -0.958888187730535     
 -0.958164074651406     
  0.908857580123369     
  0.979422271669010     
  0.813984784333055     
 -0.813733450754305     
 -0.333264228613125     
 -0.957515329600886     
  0.407970776423364     
  0.790217611474806     
 -8.381433713791900E-002
 -0.979835499422591     
 -0.961717338950154     
 -0.961864825875290     
 -0.967263962527580     
 -0.961645831646885     
 -0.958502884011661     
 -0.965838805284845     
 -0.962334309709228     
 -0.963809019517434     
 -0.965404928976320     
 -0.965292553283611     
  0.974488111542253     
  0.965402253270859     
  0.977191683397568     
  0.965707144073168     
  0.982353093204296     
 -0.964382412593152     
 -0.962730212609479     
 -0.968364213104703     
 -0.957644772138527     
 -0.965396902792954     
  0.979536310802021     
  0.977868600247470     
  0.114021803454931     
 -0.815101802639052     
  0.762655222700692     
 -0.970123634633519     
 -0.976482102228627     
 -0.972907400542254     
 -0.980585998664888     
 -0.955386982393124     
 -0.967456049845274     
 -0.625633484821889     
 -0.877153054900018     
 -0.975229247131187     
 -0.976369389976356     
 -0.967093519701373     
 -0.964664895315890     
 -0.964032878308722     
 -0.964216608451403     
 -0.961610987023616     
 -0.963750019972154     
 -0.966084121490013     
 -0.967040147577675     
 -0.966699855106439     
 -0.967113174443322     
 -0.961495869382806     
 -0.965901699188954     
 -0.968484297954723     
 -0.966412181066092     
 -0.967374712264481     
  0.962644958084517     
  0.977599494473808     
  0.962239878977113     
  0.958849799925182     
  0.976890076603359     
  0.971180600810100     
  0.970593739754448     
  0.942921649494805     
  0.978881266156218     
  0.978797279789848     
  0.376539197156115     
  0.980423427473870     
  0.975014468219681     
  0.959611111294865     
  0.974191695557264     
 -0.973435429693332     
 -0.975125066897280     
 -0.704607918581919     
 -0.973736998943631     
 -0.975252437799239     
 -0.967100169916433     
 -0.653636504387043     
 -0.947990751185817     
  0.939092783383496     
 -0.970820057171681     
 -0.951700765925602     
 -0.964945501619967     
 -0.726744536053057     
 -0.925859260881684     
  0.969839650839763     
 -0.980754425641947     
 -0.985171380955624     
 -0.971719581969141     
 -0.982706351295324     
 -0.986521978952169     
 -0.301983105013542     
 -0.958094223158693     
 -0.958770649936322     
 -0.955655200840560     
 -0.976761288406088     
 -0.968002849060315     
 -0.968230595664384     
 -0.969752943038708     
 -0.973417270846051     
 -0.966411957286559     
 -0.967495120766073     
 -0.964845860429344     
 -0.965276311864246     
 -0.967006802218684     
 -0.967901914730483     
  0.962094450819515     
  0.955875286824544     
  0.963697101348905     
  0.973502576968255     
  0.972465675668886     
 -0.964609682191502     
 -0.961689229045870     
 -0.968049032001376     
 -0.959060138346924     
 -0.965267444691921     
  0.977408697628399     
  0.981414761560990     
  0.692788551069460     
 -0.741959336362116     
  0.703520160563274     
 -0.977834023070536     
 -0.868053005451552     
 -0.739717878326860     
 -0.979792981063031     
 -0.965503870680350     
 -0.972463697188192     
 -0.971082243976492     
 -0.979584460132927     
 -0.965079923791866     
 -0.969409001255245     
 -0.959916540824083     
 -0.958121312829279     
 -0.961111858275588     
 -0.960336416893798     
 -0.957065980408266     
  0.951303386277274     
  0.983132595017747     
  0.962334160758434     
 -0.235566050161615     
  0.644277393674094     
 -0.959892666006151     
 -0.961726768614727     
 -0.962667763394176     
 -0.954724306186240     
 -0.960248373174351     
  0.981156064525722     
  0.925962943907219     
 -0.694784969505982     
 -0.230208606807588     
  0.761747375135384     
 -0.961461615311697     
 -0.963277257064946     
 -0.966124594027718     
 -0.965068921035375     
 -0.955268399574454     
  9.062045903545528E-002
  0.889734143686707     
  0.290776507584839     
 -0.975412152516246     
 -0.964797128371832     
 -0.965337834465106     
 -0.966316850694488     
 -0.964261192173548     
 -0.964643034186930     
 -0.962875997082699     
 -0.962063354966999     
 -0.967192490848092     
 -0.965394226772926     
 -0.967326342449660     
 -0.967506270965876     
 -0.965849857733614     
 -0.961063359295713     
 -0.968305690159784     
 -0.967351162072380     
 -0.966447855793778     
  0.958138532121431     
  0.969411176674585     
  0.975564224601323     
  0.964094855159322     
  0.963827720566765     
  0.978339763998330     
  0.976223996893576     
  0.976970647587667     
  0.892807361921327     
  0.977668149482939     
  0.975718397836975     
  0.224820378725778     
  0.968440205587419     
  0.981526559197865     
  0.962535158417401     
 -0.487036787781708     
 -0.976927301330473     
 -0.978850356618420     
 -0.966849684666825     
 -0.978091157562596     
 -0.976695144431121     
  0.959603135705915     
 -0.948654982826936     
 -0.739188923692979     
 -0.964455564949493     
 -0.939495039466468     
 -0.971333918604599     
  0.945336292571104     
 -0.945267669846640     
 -0.549381774892273     
 -0.971644302998902     
 -0.979584344681799     
 -0.980758140979829     
 -0.329788511435982     
 -0.977656350928792     
 -0.984048943993395     
 -0.956566104024849     
 -0.960492795294137     
 -0.954702053643261     
 -0.965471541118529     
 -0.972954787688488     
 -0.972308216870089     
 -0.966405641949557     
 -0.972801967791206     
 -0.970076151365137     
 -0.965120536598072     
 -0.965441817175071     
 -0.966232108442354     
 -0.962497417659779     
 -0.963661105721887     
 -0.963371044754979     
 -0.966918632181125     
 -0.967112025598190     
 -0.966616432712098     
 -0.964102401845622     
 -0.966226867793578     
 -0.966189838606872     
 -0.967631854386452     
 -0.968362358397237     
 -0.968408447495053     
  0.969655558598967     
  0.962567458369351     
  0.965289789618646     
  0.971003990943874     
  0.966542599104081     
  0.964049749269025     
  0.977795008999740     
  0.979249122025165     
  0.977841770571397     
  0.930510020900118     
  0.981533027848172     
  0.979915655683832     
  0.980714732258451     
  0.975736280971728     
  0.978609603398428     
 -0.978853329382418     
 -0.942902945946451     
 -0.977132758547247     
 -0.976047228649524     
 -0.970711868513916     
 -0.974979814894265     
 -0.533852637916983     
  0.666919380724462     
 -0.307132417702627     
 -0.970685232407182     
 -0.968508413214417     
 -0.970716648901421     
 -0.102583361401316     
  0.750698703257684     
 -0.473652043267951     
 -0.980990537770042     
 -0.976061713850992     
 -0.981065528655770     
 -0.985211928998685     
 -0.914063826748125     
 -0.982977266704408     
 -0.954461051104861     
 -0.954393166290605     
 -0.954293744027961     
 -0.976051712254705     
 -0.980742747231175     
 -0.976788379452231     
 -0.970109851724006     
 -0.967934394973251     
 -0.970025325212913     
 -0.964055193751779     
 -0.966356065568634     
 -0.965442549811319     
 -0.964396206685351     
 -0.961931838470336     
 -0.963826768824634     
 -0.962111141977903     
 -0.962698573106578     
 -0.960312049767631     
 -0.963142254657312     
 -0.964396341558501     
 -0.964541154012492     
 -0.960931286502790     
 -0.959103308885347     
 -0.960554425229691     
 -0.962427524515206     
 -0.961924568554919     
 -0.961361047057133     
 -0.964064130681083     
 -0.965742387764273     
 -0.966357920629949     
 -0.964224573075853     
 -0.963221034994630     
 -0.965535949530857     
 -0.965298432484958     
 -0.966169190411651     
 -0.963567392131980     
 -0.964859045048823     
 -0.966827217361120     
 -0.967140524838355     
 -0.963499808400077     
 -0.960741676375318     
 -0.961354178251153     
 -0.962658684047497     
 -0.960018926459607     
 -0.958446900721158     
 -0.965223509133622     
 -0.967768594985128     
 -0.967608558879904     
 -0.964713372471000     
 -0.961202403435170     
 -0.964638738041513     
 -0.965206860132854     
 -0.964967228551797     
 -0.962415752401095     
  0.954208336940297     
  0.957576313099394     
  0.955413809444521     
  0.976549114548186     
  0.976679152377808     
  0.979266067017542     
  0.967852122951198     
  0.973760762289499     
  0.978745344981684     
  0.954705447326304     
  0.955915645318339     
  0.958574273139975     
  0.970850285929304     
  0.979006462779347     
  0.977118506384143     
  0.978599450200777     
  0.980529983027224     
  0.980058727872032     
  0.961262557989672     
  0.965257715325184     
  0.968658320137614     
  0.981639411118982     
  0.967415192564967     
  0.961882265863718     
  0.927782252399541     
  0.759891486509385     
  0.417895107066584     
  0.964707775116540     
  0.971964767745643     
  0.971550237014331     
  0.871771822717576     
  9.377094347610640E-002
  0.293350975138502     
  0.973872863362003     
  0.788137989567720     
  0.877429358320064     
  0.960421211631595     
  0.967470877368070     
  0.963768158456704     
  0.979945162092558     
  0.928609457618889     
  0.949556688847683     
  0.978121770756697     
  0.962335560831155     
  0.959828247790505     
 -6.144422590363985E-002
 -0.859433621118507     
 -0.252232212105804     
 -0.971320766906092     
 -0.965872333400321     
 -0.970499525631246     
 -0.849970344889456     
 -0.974987232737695     
 -0.926420936342985     
 -0.963724970111978     
 -0.968375388680016     
 -0.965676728129255     
 -0.956498062302765     
 -0.680784756238083     
 -0.930799259572037     
 -0.966454667968440     
 -0.971289784767940     
 -0.965056503706795     
  0.918977549478349     
  0.446030676837727     
  0.966454531308516     
 -0.972299700460935     
 -0.968761727106648     
 -0.974755651473038     
  0.883726450295625     
  3.699728870167252E-002
  0.736201920619044     
 -0.962465715548123     
 -0.967826227416933     
 -0.963619440090049     
 -0.668264306534876     
  0.211280390399464     
 -0.753365106011769     
 -0.965286887665476     
 -0.970035143575299     
 -0.965604625411522     
  0.698169602056953     
  5.043748710170725E-003
  0.879837414984776     
 -0.977155451792053     
 -0.973428738099809     
 -0.974596210704458     
  0.966525965204365     
  0.433944010656279     
  0.929194387145361     
 -0.969005388893529     
 -0.975370716334460     
 -0.970660269264882     
 -0.944074754764392     
 -0.752231677438123     
 -0.969817227069894     
 -0.970686901019633     
 -0.974787940887894     
 -0.968391801737366     
 -0.894389986059003     
 -0.978958241319022     
 -0.347918494821050     
 -0.973497246335568     
 -0.969726938006985     
 -0.980248740791450     
 -0.260101545274994     
 -0.893347641114351     
 -0.200281151516566     
 -0.959493157172298     
 -0.959414421549988     
 -0.957837163759365     
 -0.967452624206330     
 -0.974254583905820     
 -0.964209969354212     
 -0.954809993745870     
 -0.953621507702655     
 -0.954286802258507     
 -0.964982607729836     
 -0.979680679669847     
 -0.964661248839477     
 -0.969199555435579     
 -0.961558067747744     
 -0.963019481399032     
 -0.971339187351019     
 -0.977683990445084     
 -0.972680381887505     
 -0.962193963710289     
 -0.966401693666748     
 -0.965013820777824     
 -0.976203269741546     
 -0.978215806445176     
 -0.976717325740931     
 -0.965240861128769     
 -0.966737490577023     
 -0.963268949521311     
 -0.959858792306993     
 -0.959546248705145     
 -0.959539892578979     
 -0.959797169540471     
 -0.959978818534462     
  0.953326036652665     
  0.952378168246614     
  0.953545266466146     
  0.955203389291816     
  0.955064666194504     
 -0.958838205502904     
 -0.957987454073106     
 -0.962241719056666     
 -0.958752997685070     
 -0.955822194697826     
  0.845134793484676     
  0.976791732340293     
  0.812253723233866     
 -0.836007197500089     
 -0.698740800401015     
 -0.922842944047766     
  0.662435129235284     
  0.926219653204180     
  0.450420562592947     
 -0.973983725315679     
 -0.959501172973928     
 -0.959555322763858     
 -0.963966143426749     
 -0.960102445109215     
 -0.955784475482381     
 -0.966818758322127     
 -0.963329851215168     
 -0.964479365601581     
 -0.966300875584355     
 -0.966649323387298     
  0.971156110107254     
  0.962303422751912     
  0.973583883361419     
  0.978340914136206     
  0.981426152317990     
 -0.964893933418631     
 -0.962677642558039     
 -0.968799786356967     
 -0.958139434155413     
 -0.965964839332269     
  0.980342773966341     
  0.979583641776571     
  0.322767204797512     
 -0.784097808533599     
  0.754841766661316     
 -0.972162097937441     
 -0.975502387778741     
 -0.965978962799256     
 -0.983545446677112     
 -0.957401815241769     
 -0.977293206837674     
 -0.854742142651274     
 -0.941744398127037     
 -0.971935270731704     
 -0.974591002843198     
 -0.967328645813061     
 -0.964726926888302     
 -0.964080927136328     
 -0.964170778586548     
 -0.961877221058514     
 -0.964378032630542     
 -0.965569032837751     
 -0.967844058344298     
 -0.966795239380904     
 -0.967011508569213     
 -0.960046173947381     
 -0.966823559192537     
 -0.968121053508046     
 -0.966235977297025     
 -0.967466859140334     
  0.965038750239785     
  0.979626336660857     
  0.960799167492124     
  0.959018464946841     
  0.979812622133568     
  0.970361258789339     
  0.970082434759804     
  0.830465323768630     
  0.979623043624188     
  0.979115447682324     
 -0.310781874466485     
  0.980263575921369     
  0.977111169093094     
  0.904287962450338     
  0.970942790501458     
 -0.977812901911488     
 -0.974640564405539     
 -0.184782344798247     
 -0.975877495233297     
 -0.972069263920195     
 -0.965875409488464     
 -0.860712433688434     
 -0.958990545384935     
  0.973178649850220     
 -0.964911176308283     
 -0.951227952492845     
 -0.963507287432665     
 -0.915511012164859     
 -0.936753525329088     
  0.978282835045770     
 -0.980353006056526     
 -0.985552616780247     
 -0.970161609195926     
 -0.976284086304759     
 -0.986161066581431     
  0.342275825808651     
 -0.960880381194475     
 -0.959397024400224     
 -0.957036054633800     
 -0.974713429598232     
 -0.964170975403396     
 -0.920192551753350     
 -0.971209755497634     
 -0.973766690416676     
 -0.966198273132220     
 -0.966811563977765     
 -0.964620046926314     
 -0.964896195393938     
 -0.966397903243572     
 -0.967249322962239     
  0.959802225275838     
  0.954612776976526     
  0.961105826758504     
  0.969696277441398     
  0.968890826852203     
 -0.963893817816416     
 -0.961062965979572     
 -0.967205364646128     
 -0.959192813244758     
 -0.964143991824613     
  0.972688111770689     
  0.981954458121352     
  0.748854351494793     
 -0.752937666161502     
  0.675132155643749     
 -0.978823258100427     
 -0.707930437670907     
 -0.395420211695893     
 -0.950762969612703     
 -0.968213641285545     
 -0.969619749964637     
 -0.969997816119639     
 -0.977744828580133     
 -0.965006231743132     
 -0.967292088797518     
 -0.961510646968536     
 -0.959014680374945     
 -0.961627516485132     
 -0.961654145089841     
 -0.959318197031865     
  0.972816417838588     
  0.977833866803515     
  0.978407895386299     
  0.370173097161692     
  0.928499953337334     
 -0.961267944077970     
 -0.962125058164329     
 -0.964644220342222     
 -0.955547378133050     
 -0.961819887810317     
  0.980478454800737     
  0.952869537262587     
 -0.547253290879220     
  0.352924666651733     
  0.766723085172230     
 -0.963704385163102     
 -0.967078161063895     
 -0.969043980316621     
 -0.969043363100831     
 -0.955866705695486     
 -0.467479711649150     
  0.741703256849654     
 -0.104852634207991     
 -0.981019714260249     
 -0.976247407456338     
 -0.965874435420660     
 -0.965737345349727     
 -0.964077845353047     
 -0.964490249969879     
 -0.962322443975209     
 -0.962256339360991     
 -0.967089576198567     
 -0.965647423769293     
 -0.966924842400991     
 -0.967411332845299     
 -0.965023562040032     
 -0.962371212115806     
 -0.968562403291976     
 -0.967141198718795     
 -0.966695153956890     
  0.958397184028998     
  0.970968615973914     
  0.970904489369342     
  0.961885368287861     
  0.966667611295914     
  0.976187894482896     
  0.974407652136669     
  0.979931894483422     
  0.945873745981539     
  0.978004713683310     
  0.960730634946086     
  0.830733956105364     
  0.969525475245164     
  0.982444144236496     
  0.976906403311042     
 -0.777524072486129     
 -0.976525194887557     
 -0.978040207278273     
 -0.968143944751696     
 -0.978122694799375     
 -0.974009334209900     
  0.908142364874478     
 -0.893476224397645     
 -0.252594630222034     
 -0.966159134227424     
 -0.941785842709151     
 -0.970854050155311     
  0.831795514856421     
 -0.928990362671048     
  0.302690506706495     
 -0.973580407568840     
 -0.982152866163098     
 -0.978134762291078     
 -0.740705961480164     
 -0.982502022637616     
 -0.967983566055984     
 -0.955999988356175     
 -0.957358124735826     
 -0.953824357342460     
 -0.978887360629439     
 -0.972789054158747     
 -0.978060245709765     
 -0.966848205578997     
 -0.972843911545811     
 -0.968641945078210     
 -0.964675512849955     
 -0.965996898166746     
 -0.965817036552916     
 -0.962621086405295     
 -0.964086453703015     
 -0.962655621895673     
 -0.966970328308585     
 -0.967089509076591     
 -0.966311644335850     
 -0.963940131182802     
 -0.966970442921784     
 -0.965200911784780     
 -0.967452105356967     
 -0.968680405709271     
 -0.967781880712982     
  0.968058077932732     
  0.960768437075103     
  0.969010087989659     
  0.972351408433794     
  0.963177836262460     
  0.966734207541822     
  0.974238669438765     
  0.976489528692637     
  0.980011745255535     
  0.931054990009272     
  0.980946689942693     
  0.966227007646586     
  0.979800498568759     
  0.973318981730212     
  0.981484538639645     
 -0.976240268033903     
 -0.926517147407824     
 -0.978269189633292     
 -0.973687913955119     
 -0.970289178909251     
 -0.977461177276463     
 -6.049739488691385E-002
  0.727670887945735     
 -0.746408120347665     
 -0.970477495254666     
 -0.968408413735392     
 -0.965485120105692     
  0.527819221342510     
  0.633417830955239     
 -0.772847838615804     
 -0.978353285550485     
 -0.976039757683270     
 -0.983049597465555     
 -0.969821701838645     
 -0.911452615437508     
 -0.986345207809831     
 -0.953922508490676     
 -0.954913843869479     
 -0.955155273695872     
 -0.978468866325734     
 -0.980708374184850     
 -0.974466526907067     
 -0.968818193562532     
 -0.967843649417521     
 -0.971391143414749     
 -0.964690919456374     
 -0.966470907119945     
 -0.964700674246071     
 -0.963751959932811     
 -0.962123442726091     
 -0.964538359289512     
 -0.963126322332663     
 -0.962386334425734     
 -0.959990239356300     
 -0.963342561856229     
 -0.964470258286318     
 -0.964350421047820     
 -0.960443506073530     
 -0.959404658224981     
 -0.961157325558687     
 -0.962559806421227     
 -0.961952708761441     
 -0.961627050385407     
 -0.963937429651314     
 -0.966404914083818     
 -0.965854453372266     
 -0.963222776935628     
 -0.964409114381629     
 -0.965692188286381     
 -0.966150650300668     
 -0.966074033248374     
 -0.963066504824324     
 -0.964904280991404     
 -0.967247753562384     
 -0.966649778603557     
 -0.963198556995914     
 -0.959897484777409     
 -0.962695286907625     
 -0.963201829091921     
 -0.958095335044122     
 -0.959896079994652     
 -0.965500277823501     
 -0.968373215578297     
 -0.966668203582563     
 -0.963189975909408     
 -0.961667031111686     
 -0.965817368971529     
 -0.966183895538994     
 -0.964001947719377     
 -0.962602291653475     
  0.955674661765694     
  0.958195096240699     
  0.954277430575633     
  0.977912360285747     
  0.973085325817531     
  0.976691323964622     
  0.966410721188183     
  0.976812185037516     
  0.974217808283497     
  0.953817016857145     
  0.957835179242896     
  0.958472357894591     
  0.971940178273791     
  0.981356620657356     
  0.973424554930299     
  0.976304430987421     
  0.979635808851567     
  0.981314900744175     
  0.959770731456009     
  0.968958135728870     
  0.967097191974282     
  0.981791286211940     
  0.923850796451072     
  0.977152926210182     
  0.954161303131828     
  0.324372102004379     
  0.637812213902038     
  0.965093574545244     
  0.975243317772264     
  0.968303843181983     
  0.830989974543167     
 -0.432551763695106     
  0.740396101304221     
  0.975131859894371     
  0.453120636819752     
  0.940513683696677     
  0.962619272657148     
  0.969092744074532     
  0.960593463108084     
  0.976105652721849     
  0.847739050728167     
  0.975812079106540     
  0.978440741279741     
  0.914091448732644     
  0.974342394140863     
 -0.538502637631638     
 -0.884505468017784     
  0.406026930486602     
 -0.969010708415013     
 -0.965756088350983     
 -0.973252071139878     
 -0.931938056651251     
 -0.977067026295699     
 -0.774285760844313     
 -0.965067373890570     
 -0.969101674246452     
 -0.964104175561715     
 -0.910942062751452     
 -0.571000016834790     
 -0.969587048872576     
 -0.968767406662611     
 -0.971212108457484     
 -0.963353758884515     
  0.773118255986888     
  0.782696754370468     
  0.980125454219117     
 -0.969910861793201     
 -0.970474675960208     
 -0.963923983304365     
  0.742819995784606     
 -0.198069338307834     
  0.914975075736090     
 -0.964621335931546     
 -0.968095772024826     
 -0.961740126867790     
 -0.208718443315056     
  5.541812655389134E-002
 -0.886316828841736     
 -0.967072588075446     
 -0.970863641826748     
 -0.963609397104643     
  0.176585047068874     
  0.262432369477150     
  0.938293549154700     
 -0.977237976284711     
 -0.972656120749427     
 -0.962946060499607     
  0.916679470430542     
  0.199417935496127     
  0.976082238526455     
 -0.971559211177770     
 -0.975680865216003     
 -0.968252222594893     
 -0.826627656381942     
 -0.816307940388226     
 -0.980933316294471     
 -0.973155727721534     
 -0.974075515512665     
 -0.967014162178243     
 -0.977059053845365     
 -0.962664428154480     
  0.226439626583787     
 -0.968490262323692     
 -0.971769986679690     
 -0.983736401096226     
 -0.722052048710772     
 -0.877821843460815     
  0.401923293023937     
 -0.961305285458252     
 -0.957408890635321     
 -0.958579985645901     
 -0.974561156931504     
 -0.970885613089557     
 -0.960780644886066     
 -0.954205097837059     
 -0.954195762750422     
 -0.954978570672537     
 -0.976855114527447     
 -0.980144741668882     
 -0.915070814907441     
 -0.966781741528105     
 -0.958706060950588     
 -0.969717523594475     
 -0.979763669538567     
 -0.974516883153857     
 -0.624753992580973     
 -0.963077731589629     
 -0.967067807989943     
 -0.963727815229888     
 -0.977787890979218     
 -0.978173403337940     
 -0.974756272284592     
 -0.966386468652440     
 -0.966278346778030     
 -0.962961103537625     
 -0.963965075596443     
 -0.962767708621901     
 -0.962845244563518     
 -0.963736037119970     
 -0.964300490604188     
  0.956158464185936     
  0.953080506884599     
  0.956873421515722     
  0.962180929453901     
  0.961741261749767     
 -0.961608148574926     
 -0.959454874753527     
 -0.964841476761284     
 -0.959115399168530     
 -0.960527065446389     
  0.944332105570867     
  0.983078932981231     
  0.805274247204763     
 -0.790705280333425     
  0.211428947210997     
 -0.972616892530207     
  1.630420038706859E-002
  0.458272699957640     
 -0.592177123931431     
 -0.974261976839302     
 -0.964248530719006     
 -0.964430292118903     
 -0.970928701977881     
 -0.963188433334577     
 -0.961599837379786     
 -0.964570248535644     
 -0.961217830101292     
 -0.963054303313303     
 -0.964277746441691     
 -0.963554414050617     
  0.977242511593982     
  0.969031217110116     
  0.980307102426317     
  0.916797056479865     
  0.979340505111312     
 -0.963585146723170     
 -0.962653391145449     
 -0.967536627860485     
 -0.957042243747406     
 -0.964481088484331     
  0.978558415210435     
  0.974293193032494     
 -0.122619768316425     
 -0.560599336886680     
  0.767288547636112     
 -0.968052517236742     
 -0.974417266127472     
 -0.973605070603749     
 -0.977073992202695     
 -0.955486644222728     
 -0.926776928267665     
 -0.155990396983064     
 -0.738629819108872     
 -0.978199473746859     
 -0.977997659406229     
 -0.966761058735076     
 -0.964854303923246     
 -0.963994606197544     
 -0.964277587486109     
 -0.961635459447794     
 -0.963150103167349     
 -0.966519663024739     
 -0.966430507144373     
 -0.966654941231704     
 -0.967210355395333     
 -0.962827747624027     
 -0.964824721966095     
 -0.968665695001160     
 -0.966643281817060     
 -0.967191353490709     
  0.960709117924833     
  0.975241051292752     
  0.964011217149968     
  0.959252105795900     
  0.973381579170812     
  0.972456575764896     
  0.971510555456082     
  0.974142199964551     
  0.975876673520859     
  0.978608283468695     
  0.768617411844925     
  0.979423981936814     
  0.972934590330620     
  0.977254222332590     
  0.977198425189561     
 -0.956551873968409     
 -0.975615088551685     
 -0.906467329434028     
 -0.971638252363306     
 -0.977009280788124     
 -0.968864765512334     
  0.418977583372361     
 -0.933145142873143     
  0.815310037981837     
 -0.970369431010173     
 -0.948413909660553     
 -0.966798211396655     
 -0.220828672151016     
 -0.913280927351909     
  0.949633607145906     
 -0.978500782128928     
 -0.984602281540471     
 -0.973572017214416     
 -0.981001946476763     
 -0.986704277937899     
 -0.734317578439103     
 -0.956454444435074     
 -0.958158629136172     
 -0.954538400918638     
 -0.978919771126769     
 -0.971131606804066     
 -0.979674200935272     
 -0.968528394459263     
 -0.973144764071752     
 -0.966852835112360     
 -0.967693984537932     
 -0.964655879781961     
 -0.965282891258153     
 -0.967158359281250     
 -0.967997756064758     
  0.964778515779196     
  0.957560457154648     
  0.966669878513530     
  0.977042721600440     
  0.975891134485632     
 -0.965015428071527     
 -0.962167003464021     
 -0.968617447087839     
 -0.958840707776982     
 -0.965930278928161     
  0.979595531217024     
  0.980944017084126     
  0.609307893624591     
 -0.740867849534286     
  0.726649954159792     
 -0.976130744425685     
 -0.939271363013571     
 -0.897088713564580     
 -0.986240554293503     
 -0.962901027159667     
 -0.975317198672508     
 -0.965545671560502     
 -0.978071878260323     
 -0.964730995543875     
 -0.971189132649812     
 -0.958607525446910     
 -0.957639867097134     
 -0.960970229160426     
 -0.959317480855637     
 -0.955108926146452     
  0.887900657495670     
  0.982268586919015     
  0.913979853660295     
 -0.666128094268060     
 -0.294757418718953     
 -0.958662065484610     
 -0.961444591012422     
 -0.960657915821985     
 -0.954091475006075     
 -0.958846458210833     
  0.978892133867583     
  0.877550659430545     
 -0.794800703458976     
 -0.668558230550192     
  0.753517941386761     
 -0.959428921321687     
 -0.960095182957268     
 -0.963459899733157     
 -0.961550973810321     
 -0.954464570364850     
  0.567375802308557     
  0.948124723387754     
  0.578761595628182     
 -0.951434614367858     
 -0.931150907339741     
 -0.964748147743359     
 -0.966906734669519     
 -0.964590201889721     
 -0.964812397095690     
 -0.963494196550959     
 -0.962119232703807     
 -0.967138332694132     
 -0.965184678897251     
 -0.967963185927475     
 -0.967565144583946     
 -0.966477175624031     
 -0.959761306766291     
 -0.967927600671562     
 -0.967497398123088     
 -0.966251674125609     
  0.958569800947964     
  0.968353072506323     
  0.979030059189275     
  0.966830144526947     
  0.961472792797984     
  0.980132635861996     
  0.978054198946895     
  0.973462031673395     
  0.765938726194769     
  0.977999685410183     
  0.979559534368081     
 -0.371487941381148     
  0.967865506078933     
  0.980258665236660     
  0.909738567930464     
  5.992864567182558E-003
 -0.977292919492184     
 -0.976709847839352     
 -0.965850801836865     
 -0.977897580181772     
 -0.977026097479194     
  0.976275474869722     
 -0.942769887712593     
 -0.917426021749793     
 -0.963250924672445     
 -0.938553752359312     
 -0.966772911386070     
  0.975005973875087     
 -0.958791420860110     
 -0.870479323864915     
 -0.970092384877617     
 -0.975364762442154     
 -0.983449326343359     
  0.319530904841159     
 -0.972831114665099     
 -0.986997179481826     
 -0.957444243645033     
 -0.964245313206018     
 -0.956840053829755     
 -0.914186467950687     
 -0.972933711157885     
 -0.966559345093561     
 -0.966190847861358     
 -0.972816849512871     
 -0.971922202189889     
 -0.965305745692767     
 -0.964746626558952     
 -0.966420990771710     
 -0.962250872633834     
 -0.963150222730309     
 -0.963960807962040     
 -0.966575108763066     
 -0.966966841114890     
 -0.966818846895998     
 -0.964119441084556     
 -0.965097038231634     
 -0.966906826010384     
 -0.967450693239740     
 -0.967765150984291     
 -0.968719343874010     
  0.971246331505946     
  0.964516418987381     
  0.962015144721743     
  0.970176232696565     
  0.970260516744049     
  0.961886327975698     
  0.979682246324715     
  0.978744787487317     
  0.975286657085380     
  0.923871995752197     
  0.978514975618916     
  0.981039022196794     
  0.981553272604446     
  0.977941507412760     
  0.974926270827990     
 -0.978080071986078     
 -0.955582112202320     
 -0.963436733235897     
 -0.977829265201790     
 -0.971016444086435     
 -0.972253685383925     
 -0.799627400808271     
  0.575019502164694     
  0.358092512643196     
 -0.966021866527764     
 -0.968653774342451     
 -0.970376135052628     
 -0.716286579800961     
  0.836423831142233     
  1.538752846931224E-002
 -0.983270419684369     
 -0.975960830706058     
 -0.978570909512712     
 -0.987459649323512     
 -0.913823631721072     
 -0.965972954531844     
 -0.955607717699339     
 -0.954099691870270     
 -0.954857076095678     
 -0.973878784581352     
 -0.980616338945843     
 -0.979060023202503     
 -0.971479959973746     
 -0.967839080103884     
 -0.968776493438769     
 -0.963828017772520     
 -0.966040282110180     
 -0.966015126570880     
 -0.964913649722619     
 -0.962306024250134     
 -0.963218152987519     
 -0.961048315037918     
 -0.963284814115948     
 -0.961156759833715     
 -0.963427368384198     
 -0.964181253327891     
 -0.964558523795896     
 -0.961437368464058     
 -0.959376327726092     
 -0.960213112574374     
 -0.962305521717220     
 -0.962197206832340     
 -0.961632230090550     
 -0.964552713836272     
 -0.964928515678949     
 -0.966704478512665     
 -0.965175917664538     
 -0.962558180181409     
 -0.965626602935639     
 -0.964213416989615     
 -0.966422983988661     
 -0.964645438863765     
 -0.965272140542211     
 -0.966129134292428     
 -0.967379649846359     
 -0.963793619144805     
 -0.961800527413995     
 -0.960127507359102     
 -0.962064299925730     
 -0.961913455777203     
 -0.957270837363542     
 -0.965295811021147     
 -0.966940963675050     
 -0.968305587275777     
 -0.965972765455235     
 -0.961191564786822     
 -0.963489005888261     
 -0.964126631275956     
 -0.965994588932692     
 -0.962643337610261     
  0.953569049469697     
  0.957451601083447     
  0.957081395783069     
  0.974770315754684     
  0.977752796681669     
  0.977861234858127     
  0.970125683612147     
  0.969226559122442     
  0.979464270515984     
  0.956422521796364     
  0.954524584933221     
  0.959165290335243     
  0.970135310886430     
  0.976257424617964     
  0.980521703315351     
  0.980677847725868     
  0.977868367024608     
  0.976523984671809     
  0.963341301892113     
  0.961848573339311     
  0.970568499022827     
  0.981300404952745     
  0.979562326715929     
  0.914783430103213     
  0.873932844821691     
  0.920239873901753     
  6.646820274308313E-002
  0.964781947107085     
  0.968808046258062     
  0.974978830458810     
  0.896863954814824     
  0.527453681595260     
 -0.373536627345738     
  0.971402465043496     
  0.921009877583989     
  0.735383724439939     
  0.958829478809066     
  0.966200745113633     
  0.967287965817933     
  0.981660005212920     
  0.959300388554995     
  0.866132067158889     
  0.978007084365700     
  0.976354555904778     
  0.912419307861858     
  0.473663133488244     
 -0.830992384689976     
 -0.720816142798253     
 -0.973724759741529     
 -0.966273842250928     
 -0.968027595523017     
 -0.670667664845340     
 -0.971111393721239     
 -0.968646455235007     
 -0.963002079466658     
 -0.967614215510832     
 -0.967556966248295     
 -0.973121813805711     
 -0.750488984166231     
 -0.793740810548457     
 -0.964341354902462     
 -0.971292608925443     
 -0.967690011516903     
  0.980251603035100     
  0.442396810659281     
  0.917853853941738     
 -0.956585926644486     
 -0.967244788747256     
 -0.974254819166178     
  0.942989830824085     
  0.261186475352035     
  0.263651728797163     
 -0.961012863229761     
 -0.967497922168086     
 -0.965862388039572     
 -0.873252084641708     
  0.328860918087872     
 -0.523433635265331     
 -0.963710288805229     
 -0.969376085679816     
 -0.968436994018640     
  0.902903431363163     
 -0.257853593244666     
  0.747722775423814     
 -0.965855561653294     
 -0.974057335169612     
 -0.974701610997763     
  0.978090140119406     
  0.621273411910141     
  0.668693631726233     
 -0.967196016041492     
 -0.974995230746932     
 -0.973240980929441     
 -0.976789953810097     
 -0.645098281681020     
 -0.937914920042177     
 -0.968363898443204     
 -0.975330637474365     
 -0.970458021910194     
 -0.347363813912310     
 -0.982002874145529     
 -0.736664038064020     
 -0.978840123144302     
 -0.967111053314164     
 -0.976381383094255     
  0.392617595389154     
 -0.903752741028862     
 -0.645719433926561     
 -0.958897251874444     
 -0.961764002137900     
 -0.956925362760830     
 -0.960474926383256     
 -0.977618687497788     
 -0.967690714096473     
 -0.955537038111565     
 -0.953649604682895     
 -0.954514711572564     
 -0.919263480915719     
 -0.979172485175468     
 -0.978461207705091     
 -0.970937282980687     
 -0.963448744373008     
 -0.958851970489044     
 -0.841014161896494     
 -0.980103540259156     
 -0.977430273428200     
 -0.962053293311246     
 -0.965586206544332     
 -0.966303253420137     
 -0.974542763883861     
 -0.978367319849583     
 -0.978386291927415     
 -0.964175242157206     
 -0.967197408124325     
 -0.964280616535354     
 -0.965926787243500     
 -0.965682953639125     
 -0.965321187811420     
 -0.963547052769951     
 -0.962913892399359     
 -0.963078049317083     
 -0.966972392915263     
 -0.966779935414125     
 -0.967006934844273     
 -0.966253595561083     
 -0.965285077752713     
 -0.965253181517317     
 -0.968519930573156     
 -0.968096492132659     
 -0.968082410632599     
  0.963731224098563     
  0.967280103089608     
  0.965761256121071     
  0.965004185327321     
  0.967351491983897     
  0.968536314261273     
  0.978549491268580     
  0.980048185617729     
  0.979794239732622     
  0.981434684787198     
  0.970699178958585     
  0.974336571310331     
  0.977065776767396     
  0.980244918345813     
  0.978997901471071     
 -0.969032227968198     
 -0.978234071850521     
 -0.973283660228646     
 -0.972805564549123     
 -0.975548646920946     
 -0.973286849792961     
  0.258618895402939     
 -0.416599080857248     
  0.117795953027438     
 -0.970348330840732     
 -0.970669212447294     
 -0.970348205533683     
  0.240497745036423     
 -0.321367200477206     
  0.435790423748744     
 -0.978568867406442     
 -0.981059029794639     
 -0.978498302662556     
 -0.968582835200061     
 -0.984491467138676     
 -0.969959305968300     
 -0.954143208411554     
 -0.954197655977624     
 -0.953960045726208     
 -0.979030024882377     
 -0.976518382757117     
 -0.978820293652101     
 -0.968904594466826     
 -0.970090819259615     
 -0.968914550175157     
 -0.965848150257616     
 -0.964929288902096     
 -0.965379957739710     
 -0.962977692850525     
 -0.963960045272849     
 -0.963179714734530     
 -0.961566128780429     
 -0.961135909488777     
 -0.962277048674696     
 -0.964373872057688     
 -0.963999629795040     
 -0.963942220359176     
 -0.959845081527585     
 -0.960574525536532     
 -0.959947208750680     
 -0.961670360712903     
 -0.961808782143110     
 -0.962030619177329     
 -0.966022092185830     
 -0.965379167967808     
 -0.965065991975177     
 -0.964437430658507     
 -0.964740227274346     
 -0.963653647652272     
 -0.965026338880275     
 -0.964425893857990     
 -0.965576902024191     
 -0.966904818628775     
 -0.966211149055895     
 -0.966035598543027     
 -0.961086726414277     
 -0.962442192136206     
 -0.962114307748222     
 -0.959274789206281     
 -0.960608393404772     
 -0.961311366384492     
 -0.967672343503067     
 -0.966605585928638     
 -0.966697662033958     
 -0.963097021944737     
 -0.964588566482320     
 -0.963008892935445     
 -0.963777223910808     
 -0.963832003079025     
 -0.965009694018780     
  0.956175336866679     
  0.954628769004093     
  0.955697822635153     
  0.979026873909250     
  0.977985429027019     
  0.978668645136403     
  0.974630638493301     
  0.971196310593637     
  0.970028508328571     
  0.956912365707110     
  0.956446379348171     
  0.955120945872000     
  0.977880202931717     
  0.973954801752666     
  0.974923446999913     
  0.981049692519308     
  0.981050744135495     
  0.979626396283124     
  0.966743283081788     
  0.964869319730463     
  0.963103051664483     
  0.965902102697055     
  0.978881381209657     
  0.979657689395184     
  0.625993726601237     
  0.790389218857621     
  0.874337169276274     
  0.971631018518502     
  0.968106177120307     
  0.968279105789579     
  0.210602067733000     
  0.696597717745275     
  0.629423340918469     
  0.900596831706322     
  0.950394631773438     
  0.957779853505100     
  0.965398091548436     
  0.961948635133366     
  0.963844037373816     
  0.940194328429306     
  0.972665744172202     
  0.967212242814399     
  0.961466064041342     
  0.975196540947817     
  0.975804381014191     
 -0.660739130874880     
 -0.149150882618049     
 -0.599931457496917     
 -0.968176001523117     
 -0.970859457948163     
 -0.968513227797274     
 -0.961470717930733     
 -0.895282501160454     
 -0.949687534071733     
 -0.966818646504993     
 -0.964778578025777     
 -0.965964726989999     
 -0.851067106123581     
 -0.946499289037995     
 -0.887360639763174     
 -0.968158661533994     
 -0.965834284300060     
 -0.968526987782667     
  0.921361167587883     
  0.966785045594420     
  0.785991755342202     
 -0.973327252508564     
 -0.972512863374860     
 -0.970396263419822     
  0.475216942660387     
  0.827294989402880     
  0.633642676640730     
 -0.965483973140170     
 -0.963062672641097     
 -0.965043471842669     
 -0.397286245369096     
 -0.707598396847325     
 -0.289543395404130     
 -0.967895375698227     
 -0.965446628131556     
 -0.967439973291436     
  0.619262522403167     
  0.811440406120470     
  0.430344519261630     
 -0.975699426791619     
 -0.975734354186553     
 -0.976553918846351     
  0.795657777877696     
  0.952948330685374     
  0.872298365703617     
 -0.972768469699130     
 -0.969897414837390     
 -0.972191085008191     
 -0.917145132440590     
 -0.959988063758814     
 -0.882684956152955     
 -0.971606900620173     
 -0.969699998828709     
 -0.972507118066260     
 -0.901220849729951     
 -0.728617988635104     
 -0.959009139503109     
 -0.974855514941626     
 -0.977874080763095     
 -0.972005357228596     
 -0.679835480906329     
 -0.232633760333126     
 -0.703838783884459     
 -0.958156701294872     
 -0.958635056301524     
 -0.959631570036110     
 -0.967428262669599     
 -0.963927814180171     
 -0.970910676827723     
 -0.953962996135292     
 -0.954457108980357     
 -0.953957912714700     
 -0.977973738541618     
 -0.964737869733748     
 -0.977428305957155     
 -0.963051242840824     
 -0.967949610189629     
 -0.965835000170675     
 -0.979889319270893     
 -0.941850410152093     
 -0.979834838959903     
 -0.965478603199128     
 -0.963772748244408     
 -0.964387301945541     
 -0.977988174041716     
 -0.976367688654463     
 -0.977774753568781     
 -0.965013063034548     
 -0.964318349281463     
 -0.965752508218126     
 -0.964614340169371     
 -0.964617083798478     
 -0.964880698419198     
 -0.964796049153178     
 -0.964799350995165     
 -0.965449488707228     
 -0.966355540646526     
 -0.966714399975105     
 -0.966875426536589     
 -0.961911836729450     
 -0.962187202070737     
 -0.961980973517832     
 -0.963720436734102     
 -0.964286049431474     
 -0.964192913991365     
 -0.963139285185226     
 -0.963816572437259     
 -0.963659264586368     
 -0.967350225160969     
 -0.967081003328518     
 -0.966906087653865     
 -0.967020605998106     
 -0.967088709215588     
 -0.967183958735807     
 -0.966074762665364     
 -0.966391143579718     
 -0.965834653438543     
 -0.961349731918839     
 -0.962673149065701     
 -0.962822880835532     
 -0.966105606206484     
 -0.966934591984790     
 -0.966981978840428     
 -0.966046488457034     
 -0.966797028811820     
 -0.966649210242107     
 -0.966634142925455     
 -0.967060050772920     
 -0.967053015962208     
 -0.967963814274893     
 -0.968021177906693     
 -0.968439011591468     
 -0.968015374745270     
 -0.968539940516971     
 -0.968132335377855     
  0.976552276863775     
  0.972452257603738     
  0.973823522933609     
  0.961963161576480     
  0.960037201098921     
  0.960059664125553     
  0.967189879454573     
  0.963722200653825     
  0.965849229276663     
  0.977433658829591     
  0.974805475530312     
  0.973848378233328     
  0.968623759885110     
  0.967477377012667     
  0.965055898860329     
  0.963669986534604     
  0.961192677088611     
  0.961072866023219     
  0.923900467872796     
  0.960555667940498     
  0.969095083234766     
  0.979596476470765     
  0.979046168475056     
  0.977825739339020     
  0.977287374632087     
  0.974342844152075     
  0.973722213152387     
  0.357950725607714     
  0.769203206045488     
  0.781363146411658     
  0.980397188341769     
  0.979584587398374     
  0.980065278613660     
  0.978041159428281     
  0.980640996396548     
  0.980169196599419     
  0.961663134330708     
  0.977396161990155     
  0.977623876639892     
  0.974749849511965     
  0.971252715328334     
  0.972062823827909     
  0.980173331247807     
  0.976746890104846     
  0.978597129659673     
 -0.977260894395030     
 -0.979031235364913     
 -0.977733744678364     
 -0.872322251023764     
 -0.601566832860860     
 -0.828477456212141     
 -0.978287603278730     
 -0.975523803857263     
 -0.978134488228822     
 -0.977780364878808     
 -0.976449342282400     
 -0.977984839606238     
 -0.968800944383836     
 -0.967093290054774     
 -0.968562561957888     
 -0.976977980491358     
 -0.974374202518066     
 -0.976440063423833     
 -0.887365976278201     
 -0.643132302889842     
 -0.847453207800466     
  0.861508794321712     
  0.951880793818186     
  0.890562380788430     
 -0.693851709352893     
 -0.218782354046796     
 -0.873876121960788     
 -0.966856587484882     
 -0.970864296482661     
 -0.966562514196146     
 -0.966587018885967     
 -0.964735247664170     
 -0.966390681443271     
 -0.965045614874565     
 -0.970766681026906     
 -0.964794593491564     
 -0.835870944052134     
 -0.392812437256165     
 -0.786369655381425     
  0.923110587016827     
  0.960403026071401     
  0.886826941762951     
 -0.829510633797676     
 -0.610211328569059     
 -0.878115006872423     
 -0.983411756445865     
 -0.980887007064675     
 -0.983370603128506     
 -0.973770157498816     
 -0.971810771528409     
 -0.973765627459656     
 -0.982604771500910     
 -0.980983539922828     
 -0.981777088360127     
 -0.987517275783827     
 -0.985009668388946     
 -0.987757475569781     
 -0.740279773662476     
 -0.316903919452990     
 -0.741908450415641     
 -0.984311917556055     
 -0.984819825452371     
 -0.980617828662915     
 -0.956520800565488     
 -0.954666830104613     
 -0.956131240127750     
 -0.954907334536877     
 -0.956087739734903     
 -0.955357880765522     
 -0.955443068167912     
 -0.955557213185660     
 -0.957549332790135     
 -0.969979675629909     
 -0.975495920046764     
 -0.973093568513483     
 -0.979502364278526     
 -0.966633015680735     
 -0.979233552517598     
 -0.974742426675280     
 -0.976854415986317     
 -0.974793087463297     
 -0.971735929489815     
 -0.970100548722823     
 -0.971593481198069     
 -0.967106943215831     
 -0.966572645058903     
 -0.967113228421574     
 -0.971318674395830     
 -0.969913637313692     
 -0.971259182767258     
 -0.961008140040649     
 -0.962937329342335     
 -0.962532236293933     
 -0.966929353728866     
 -0.967349184306174     
 -0.966926660017234     
 -0.965124255022035     
 -0.965568985387438     
 -0.965120901390761     
 -0.966130132901657     
 -0.965052005211533     
 -0.965467689069037     
 -0.960817920755238     
 -0.959491425744827     
 -0.960817239177925     
 -0.964400193268002     
 -0.964037434127443     
 -0.964544553978545     
 -0.963191024430277     
 -0.963108068636989     
 -0.962148592674835     
 -0.963614392021579     
 -0.964144266967161     
 -0.963398631355906     
 -0.959076258094496     
 -0.959794915631984     
 -0.958482417146889     
 -0.960616971119219     
 -0.962088493062501     
 -0.962117955314995     
 -0.964577758214201     
 -0.964553749985392     
 -0.964478416211800     
 -0.964865782013231     
 -0.964744891079298     
 -0.964999668385306     
 -0.962594366371391     
 -0.961545168759634     
 -0.961938148432065     
 -0.958447541466895     
 -0.957837322628325     
 -0.958556857683183     
 -0.961155102825208     
 -0.960917312234890     
 -0.961477647468820     
 -0.963767488589766     
 -0.963103151981371     
 -0.963048073381075     
 -0.962065024015658     
 -0.962210643039406     
 -0.962152078938677     
 -0.961100482925455     
 -0.961233359388332     
 -0.960886759882521     
 -0.960968438284023     
 -0.962553565211196     
 -0.962849856847682     
 -0.965507272017244     
 -0.965699406348632     
 -0.966071348308550     
 -0.966710705482233     
 -0.966958352476089     
 -0.967127133829473     
 -0.964616652766304     
 -0.963933971196271     
 -0.964832172135809     
 -0.962024570987390     
 -0.961777840957237     
 -0.963064056359211     
 -0.966422499391848     
 -0.966640238756628     
 -0.967393915144408     
 -0.966153678746786     
 -0.966080343468051     
 -0.965268735016228     
 -0.966938750313046     
 -0.967726980175215     
 -0.967103411742516     
 -0.961914846462895     
 -0.962873128097969     
 -0.960937356792493     
 -0.961395406751869     
 -0.963251541970316     
 -0.963436789359102     
 -0.966881774503545     
 -0.967163275410890     
 -0.967183273934989     
 -0.967498666155985     
 -0.967576536590735     
 -0.967801030107385     
 -0.965619480923042     
 -0.964498398817709     
 -0.964774627651337     
 -0.960407806662511     
 -0.959213831204279     
 -0.959549514672692     
 -0.961494788742788     
 -0.960229089494304     
 -0.960202225585130     
 -0.965620882994926     
 -0.964451536492592     
 -0.964007168245059     
 -0.960619256236837     
 -0.959347131457862     
 -0.958791496030097     
 -0.957629340347208     
 -0.956361484441728     
 -0.955500525520339     
 -0.961516561708355     
 -0.963610300210899     
 -0.963502750071784     
 -0.967866111233192     
 -0.968254471398040     
 -0.968366644180380     
 -0.967563543366878     
 -0.968175169854828     
 -0.967975419789245     
 -0.966427772879077     
 -0.964964273734845     
 -0.966188132881317     
 -0.959091609969928     
 -0.957116776276220     
 -0.959468496994860     
 -0.965749824350419     
 -0.964870031730593     
 -0.965784041264635     
 -0.966642597761389     
 -0.966414014580212     
 -0.965503593161133     
 -0.965878565842348     
 -0.965862204740554     
 -0.965095501964753     
 -0.961031649717650     
 -0.961114540198512     
 -0.959610466194020     
  0.952916530975593     
  0.954155859908454     
  0.953112856164402     
  0.959570451227853     
  0.962093973941058     
  0.959880621553593     
  0.955315581411182     
  0.956583226445717     
  0.956740456828180     
  0.971891852144781     
  0.975327024702321     
  0.973120136672531     
  0.969606983379696     
  0.938715941415089     
  0.962154217957891     
  0.978594731190654     
  0.979622974032520     
  0.979945633933792     
  0.963444802782440     
  0.964795115775355     
  0.966541804661261     
  0.974067629257279     
  0.978208722472649     
  0.977105330290579     
  0.981631737237151     
  0.981817211076550     
  0.983107061916873     
  0.953150961301260     
  0.953360717725610     
  0.954637109469235     
  0.955581730190708     
  0.957063993750602     
  0.957139857079224     
  0.960859242550977     
  0.961116250203479     
  0.963643466387919     
  0.964444053570458     
  0.967943412217627     
  0.967100648598665     
  0.980381471515246     
  0.983206477240133     
  0.982329143439148     
  0.976776331871458     
  0.979959163711098     
  0.979725696731932     
  0.974099342574588     
  0.975014619437996     
  0.977753772962444     
  0.979459933938825     
  0.980497302061564     
  0.980550948698407     
  0.975509261668070     
  0.968831555179615     
  0.951713671730066     
  0.956284272888503     
  0.957912787958868     
  0.959701924454465     
  0.964234573723181     
  0.966980254012449     
  0.967748478173986     
  0.970937398730791     
  0.972522944257468     
  0.974734481533069     
  0.976930521375445     
  0.980048950803624     
  0.979926548220113     
  0.966478512517032     
  0.924546531872022     
  0.927066108312448     
  0.954728165300865     
  0.898468057974482     
  0.872061375388418     
  0.975521949460580     
  0.969012507486417     
  0.953234762344861     
  0.842417086359421     
  0.668616564137635     
  0.526061614339335     
  0.121361850215878     
 -0.215332087110813     
 -0.466050576455531     
  0.957973750893714     
  0.961452887118711     
  0.961301331101111     
  0.972573278138322     
  0.976205898347366     
  0.975614887940943     
  0.971795419548519     
  0.974844795121258     
  0.975104474781797     
  0.972143091522641     
  0.939750457147849     
  0.952761415161650     
 -5.370023805479841E-002
 -0.580617608465392     
 -0.503235601129939     
  0.349650750791152     
 -0.328073922583747     
 -0.302703583271517     
  0.981588436462723     
  0.979925791513775     
  0.980379562962368     
  0.571672951173259     
 -0.468445678270297     
  1.471459334331027E-002
  0.853574094524750     
  0.683666376398451     
  0.274489754791223     
  0.955903099646343     
  0.959150896345943     
  0.957268678116261     
  0.969872423494571     
  0.973558781660403     
  0.971230267856960     
  0.962653064309255     
  0.965924711819936     
  0.965075934859413     
  0.982397623308048     
  0.982066046864204     
  0.982777260669697     
  0.840552109410630     
  0.225868260066289     
  0.632434219407114     
  0.955833331215456     
  0.883052451247086     
  0.895754445194069     
  0.974100091933626     
  0.976830764529205     
  0.976855046613987     
  0.962706324267179     
  0.912888998634059     
  0.914293891884405     
  0.956925191168267     
  0.908748558684909     
  0.901916527483724     
  0.542809196709043     
  1.566890468581417E-002
  0.517284688353701     
 -0.938677946284956     
 -0.970785823466669     
 -0.948350271124839     
  0.308874070150808     
 -0.366718311231270     
  0.176447837077096     
 -0.974768251097857     
 -0.971867786677394     
 -0.974234680864653     
 -0.963656390885720     
 -0.961244280104411     
 -0.963456029390931     
 -0.972829012978412     
 -0.970260304049068     
 -0.972465882712178     
 -0.370121031286823     
 -0.786536297163189     
 -0.534949519782103     
 -0.978904222282183     
 -0.978415551712938     
 -0.979080303260282     
 -0.847186044092894     
 -0.945966097640830     
 -0.894411408085097     
 -0.960408689878515     
 -0.962632900708561     
 -0.961711070495980     
 -0.970289625806651     
 -0.973095772012701     
 -0.970975440421180     
 -0.964959077906000     
 -0.966374942340634     
 -0.965544975939709     
 -0.976490253163680     
 -0.962938958243343     
 -0.975216268402508     
 -0.366234973287949     
  0.221513820642999     
 -0.207462844144292     
 -0.963669996055403     
 -0.905760455245471     
 -0.954070501915189     
 -0.965625531338800     
 -0.966883951905160     
 -0.965108793323989     
 -0.974244718288100     
 -0.976732054804721     
 -0.974388228495700     
 -0.962199932979745     
 -0.964181889886041     
 -0.961012899426472     
  0.959354147650443     
  0.909542609864606     
  0.964785756118836     
 -0.140919295448036     
 -0.629451559083912     
 -0.161307793334648     
  0.979414383268274     
  0.964180121392061     
  0.978194359315458     
 -0.966926520587765     
 -0.971475242787981     
 -0.969261919969126     
 -0.964899185361823     
 -0.962365204544871     
 -0.966081377753704     
 -0.969307505142733     
 -0.975871985480584     
 -0.972988065992473     
  0.967952707936729     
  0.918255411555948     
  0.958919268389145     
 -0.433359544057294     
 -0.812840426327116     
 -0.586768929365412     
  0.866307102673128     
  0.597334126653186     
  0.784739229908703     
 -0.959654847202886     
 -0.961979421601080     
 -0.960258585459822     
 -0.970164360693647     
 -0.970900371267112     
 -0.970299342444303     
 -0.962369117853982     
 -0.964088914812410     
 -0.962874737126789     
 -0.855536627165544     
 -0.638057901827319     
 -0.862180125082563     
  0.684216841525405     
  0.853915225564388     
  0.591971986947440     
 -0.901594323691610     
 -0.816061364100909     
 -0.916859903960186     
 -0.963662217736146     
 -0.965124140907428     
 -0.963728740987468     
 -0.971543805623888     
 -0.972074615409443     
 -0.972507759158322     
 -0.963442229966206     
 -0.965802009398492     
 -0.963299577384890     
  0.734346500857371     
  0.524187678366668     
  0.840106719010631     
 -0.608590764313764     
 -0.814868215596161     
 -0.433743401657745     
  0.957961556398620     
  0.920813491428455     
  0.968908951044694     
 -0.974741438753168     
 -0.978514262030807     
 -0.970450026767963     
 -0.970306878900029     
 -0.966601281315828     
 -0.969677469433567     
 -0.963139606389929     
 -0.973724082549363     
 -0.964645162508201     
  0.979568834855197     
  0.975277452242266     
  0.979426497588883     
  4.920918003010095E-002
 -0.661415395277622     
 -0.188501055698337     
  0.970601454178206     
  0.883024055654455     
  0.957188012401006     
 -0.964817684444969     
 -0.968081652448918     
 -0.965998566699320     
 -0.978105031157047     
 -0.980314187851705     
 -0.978350329831764     
 -0.969106914851043     
 -0.971252734801700     
 -0.969731156128173     
 -0.959063805878688     
 -0.918045843827138     
 -0.970017481792284     
 -0.341826349760134     
  6.455665680413609E-002
 -0.498791628429576     
 -0.983500266669867     
 -0.975872823200905     
 -0.985143987448692     
 -0.969915507426777     
 -0.971353870243520     
 -0.969326788840043     
 -0.977850351026038     
 -0.980647821189368     
 -0.977509105897892     
 -0.965301999774316     
 -0.966811306905363     
 -0.963362328828244     
 -0.886046434723511     
 -0.955283984661647     
 -0.716909387473393     
 -0.981442829146501     
 -0.979180857575378     
 -0.983300268635097     
  0.258049906347917     
 -0.339079617791280     
  0.291909756492843     
 -0.968946544334016     
 -0.969111507160867     
 -0.973605621900943     
 -0.965257794441507     
 -0.963250609174839     
 -0.967298424498979     
 -0.984216937590090     
 -0.980582041361968     
 -0.983798387347712     
  0.363271866111744     
 -0.281390093729332     
  0.380662442752892     
 -0.964436195306191     
 -0.982349307689182     
 -0.958950691189525     
  0.412132949733078     
 -0.153104065904562     
  0.424525970274478     
 -0.959406669067688     
 -0.960443815794905     
 -0.959136268790049     
 -0.961763435919334     
 -0.961381899803009     
 -0.958843903798328     
 -0.958212050000493     
 -0.957138188312340     
 -0.957829219100588     
 -0.967792371414315     
 -0.971259781334701     
 -0.963929445415677     
 -0.980038175992654     
 -0.980363732319605     
 -0.977383331306544     
 -0.961323800742812     
 -0.964741397370975     
 -0.962012850254979     
 -0.956585476686939     
 -0.955224069689587     
 -0.956082087390256     
 -0.953694942211642     
 -0.954718724059789     
 -0.953910526673902     
 -0.954468651386758     
 -0.954480096149795     
 -0.954160916406690     
 -0.928612397144661     
 -0.965102102148374     
 -0.924051972754945     
 -0.978318450761914     
 -0.976578798936719     
 -0.978653387103884     
 -0.912181207887882     
 -0.964796835306783     
 -0.911437860147197     
 -0.971208567645566     
 -0.969308798768306     
 -0.971227064981847     
 -0.959898922422010     
 -0.956703382766641     
 -0.957865592138315     
 -0.966090188978714     
 -0.958290186706120     
 -0.961442917373284     
 -0.927895693779619     
 -0.969829213257595     
 -0.935380164963286     
 -0.974955440214633     
 -0.968980609299787     
 -0.971635947483849     
 -0.860758052198359     
 -0.979998121485181     
 -0.947077769934524     
 -0.957763928586949     
 -0.960373778954260     
 -0.959998587775313     
 -0.967749198578883     
 -0.969572373566050     
 -0.968174488286824     
 -0.964973601827431     
 -0.965889855730929     
 -0.965789890290359     
 -0.974489694688795     
 -0.976222315989334     
 -0.974461309455561     
 -0.975550383347437     
 -0.962794312220709     
 -0.974541727515264     
 -0.975108570486802     
 -0.977234444771439     
 -0.975580986231819     
 -0.965842727330634     
 -0.965954613313776     
 -0.965154340366578     
 -0.968420587992426     
 -0.970074705897045     
 -0.968204319408189     
 -0.961595886363636     
 -0.962231988072051     
 -0.960267945702927     
