// R300.dat: Dump of structure.

// datafilename: R300.dat
// Total energy: 303.93003618779
SOAPFILM

LINEAR


VIEW_MATRIX 
-0.129091832819351  -0.155724576147348   0.013942717665731  -0.001927554160187  
 0.151138245994077  -0.119665036608419   0.062823195590290  -0.001849608234354  
-0.040022163734749   0.050392258235478   0.192270879263487   0.000832630401166  
 0.000000000000000   0.000000000000000   0.000000000000000   1.000000000000000  

vertices        /*  coordinates  */    
  1   2.40450954439215  4.25764059164061 -0.702020817307676
  2  -4.36673832118358  1.96526881956059 -1.23091861198963
  3   3.81570511797239 -0.041659219511188 -3.13663471202107
  4   4.19664108445679 -2.47406485901365 -0.864855633077651
  5  -0.852599817526074  2.53641897419499  4.16091215868687
  6   4.14633936700995 -1.81289150971096 -1.98934857766442
  7  -3.33916376764781 -3.49361504102768  1.06403730304424
  8   -4.7119670604877  1.46265957443944 -0.318634471832238
  9  0.930851662647347  2.07188447157745  4.39336827594508
 10   4.45240654168447 -1.01086581879962  1.87829062545116
 11  0.955740646545504  4.64171764241039 -1.40126980671567
 12   1.01043854015428 -2.55528798408574 -4.10814506404548
 13   -4.4469577623661  -1.6300449116235  1.40664734230724
 14    1.7366665073553  4.44401688001404  1.28075760343308
 15   4.67517733183119   1.2865612725928 -0.937041246628598
 16  -4.89304961579655 -0.59116372599649 -0.347132869479128
 17   2.23502143771884  4.39946210988054 0.339405680737033
 18    3.2157310941434 -2.78788887444677 -2.51993276212454
 19  0.253699058859463 -0.031899048236519 -4.93249554537605
 20   4.86231181980848 -0.499914289153875 -0.711992951664473
 21   2.58275585449939 -4.10893937748067 -0.94114436236702
 22  -4.15968018393238 -2.24528639526689  -1.4396090714649
 23  -2.25037237883395  4.34476839068118 -0.697480025286631
 24  -3.79201691114532  2.91612658025565 -1.23781709544226
 25  -2.19040543025636   2.5726381355045 -3.60261354075064
 26  -3.93351028049552 -1.89541319351023 -2.31908902135811
 27  -0.673541742526088  1.78487726685211 -4.55541408244541
 28  -3.46679332530292 -2.87325986549756 -2.03720416184754
 29   4.56883595557342 -1.55134973644669 -1.06961805677756
 30   4.51907240256114  1.56049855633666  1.24971847961714
 31  0.367492233855313 -1.70814426904987  4.62758938909315
 32   1.86620177710446 -0.529843609733918  4.54848621971811
 33  -3.28841945892252  1.32294697397731  3.44708817848001
 34   3.63215711378584 -0.247216420863155  3.35360203024574
 35   1.98229529665512   4.2125209488516 -1.64875911182321
 36   4.08894742416788  1.59603369664164  2.27945604161348
 37   -3.1517441334279  -2.4235199029263 -2.94725585967642
 38   4.18694163274755   2.1131500964339 -1.56559203329212
 39  -3.99063170729409 -2.63829765694119  1.22514288523406
 40  -0.731441609698884  3.33213580437606  3.58703649338654
 41   1.61731203430519 -4.56717101804328 -1.01796002702703
 42  -2.74905254027523  3.73773397266478 -1.70603767676188
 43  0.932569516566344 -4.85086974792153 -0.07265393899035
 44  -2.24805316406789  1.73936617856423  4.04338969522413
 45  0.621935881774539   -4.792663603694 -1.02941743118003
 46    -4.299192029701    1.272085788034 -2.08624659743616
 47   4.73360651020553 -0.212538881707161  1.39511894226585
 48  -2.52030663436317 -3.23170321193826 -2.76608292638893
 49  -1.79059566047862  2.64502380552768  3.76914809243996
 50  -1.08276125217086 -4.50480181221735 -1.70527944755979
 51   -1.3146060659521 -3.49575319681861  3.24229053571381
 52   1.99289276578695 -2.18297591696806 -3.95950004814285
 53  0.469937502640843 -4.83575217470903 0.903931187408076
 54  -0.536986305690552  4.90850757427969 -0.210764142268541
 55  -0.417469741468648 -3.52644451629447 -3.43534616981086
 56  -2.58674062707806 -3.82058663961638  1.76777795873256
 57  0.580992774446566  1.10779036420862  4.78391656067918
 58    2.0569436250104   3.8066204048847  2.37849190297134
 59   4.63247851507532 -1.44491770731831 0.964754076713803
 60  -3.60195110114362  1.58490625186285 -2.99501307230951
 61  -2.95623771609525 -0.123233311078121  3.96358698247572
 62   4.50516857121683 0.714243217381636  1.89677486409322
 63   2.78720964434028  2.38214370073596  3.31131762911618
 64  -4.23691336816148 -1.10633500394317  2.29763101155586
 65  -4.46709633119055 -2.06913210138244 0.430810383176225
 66  -1.53038081151601  4.69632161051373 0.125354545594416
 67   1.34610741917589  3.63762114701265 -3.06375982346926
 68   0.38890912353762 -4.05473963296854  2.79401633785204
 69   4.12598362072467 -1.95300993806256  1.89328769303831
 70  -4.22818591757567 -2.50706680329442 -0.504165007545491
 71  -1.47548510024103  3.30038951100757 -3.36635967481191
 72  -1.89789210019399  4.25926745558475 -1.64332436484475
 73   2.35964081264597 -3.39349110613814 -2.71071389123565
 74  -3.23947448316529  3.70105178114128 0.464569697841786
 75   2.85819070659689  3.18424837135324  2.47583100276311
 76   -3.9373727094459  2.89836394541423 0.736071699947105
 77  -4.76667600216273 -0.250324174240916 -1.27798365771684
 78   3.54176938027622 -2.07875048011538  2.75727763735853
 79   2.03509076440268 -4.50154356391131 -0.079022944225971
 80   1.25968176355361 0.306892730523965  4.77137950003097
 81   0.68557188990122 -3.39014917418151 -3.53358871293378
 82   1.35835254821047 -3.90226978929933  2.70193899830167
 83  -3.88367547667028 -2.17879296003989  2.15085762677937
 84   4.76445733618502 -1.30889617483276 -0.07268499544889
 85   1.73790410856328 -3.07788462935761 -3.46161135505148
 86   1.19431151025903    3.728716595648    3.007559242568
 87  -1.81638327831207 -4.40979028641465   1.2949620106798
 88   1.20796795624051  4.76864075778814 0.501988456898389
 89   1.21570598272797  2.34543430484653 -4.17871906512878
 90  -1.76716570249676  1.82873646692759 -4.24102049048555
 91  -0.736769761141121  4.80919204362731 0.887364354287127
 92   1.20171570363599  4.30934173415574  2.09418227173096
 93  0.708326915959858  3.13378529776246 -3.76160411596178
 94  -2.88632796374294 -3.90553360982668 -0.931314683442966
 95   1.62753827557862   1.3932967481787 -4.45605853296052
 96  0.957260986522028 0.739331096442205 -4.78957307268374
 97   3.92267288124244 0.732728320817969  2.91252541088071
 98  -1.10487988714134  2.60793985280177 -4.05264878220164
 99  -1.41825029000386 -4.71805812264091 0.400299274081603
100  0.468437340384382  4.69017912790982  1.48748179166505
101   3.19465684275733  3.75220803160591 -0.405010769491117
102   1.64009094433048  1.29541015860553  4.47606223729097
103    3.5521582024436 -1.86745477008928 -2.88019988244887
104    2.0639789145502   3.1082248312588   3.2380136805548
105   1.39566201531149 -0.19668335915634 -4.74627486166684
106   -4.6470319671539 0.551530614946999  1.58746550798376
107   3.86335633994817  3.05118536721662 -0.470787973318493
108  -4.10167111452991 0.993678999756839  2.58597261858418
109   2.59308277162872  1.16627267240438 -4.04569859139036
110   3.93236123387884 -1.11714348892677  2.77780584480805
111   4.41727603552729 -2.20633103670557 0.115845348771665
112  -2.57789565099333 -4.15725753289534 0.691543445843062
113   1.96967778986589 -4.22114153194864  1.65435352375228
114  -3.94087032175435   2.4498313192269  1.69185018970367
115  -0.128168213959851  1.86231305768635   4.5735075123797
116  -1.30113359393073 -1.02372527954373 -4.65303389516017
117  -3.63118696749894 -3.19665498960615 -1.01887339007826
118  -4.45080796542566 0.133889695619958  -2.1264591111534
119   3.75025741290909 -2.71598862116558 -1.71493831202242
120  -1.58177857632501  3.54539236924151  3.05430823496001
121  -4.78783573189999 -1.07706907258242 0.553503271715815
122  -1.74349380897943 -1.94487313643613 -4.20777325217525
123  -4.54643282607471  -1.2363516768055 -1.51472087955824
124  -0.03159143568314 -2.66830240200165  4.16306243372886
125  0.341972195915257 -1.89699103319039 -4.54825448378993
126   4.36925195227417 0.177471751128155 -2.32517211398846
127   4.13593404379469 -2.51236779814749  1.02178657779433
128    3.1217406350671  3.07281322399548  -2.2873577205684
129    -3.276786270336 0.700996911071328 -3.62966265537815
130  -1.66963074987937 -1.97698810468994  4.21044847921883
131  -1.28633827627602 0.926270146805206 -4.68109830359871
132  -3.80595932471914 -0.558616449070111  3.11264488614436
133   1.49798563314821 -4.64226681517919 0.811203789693921
134  -4.69936948918395 0.858084941231273 -1.25511996705444
135   2.91857665612059 -3.63287241389726   1.6433259694493
136  -3.12043872927868 -1.07064086580748   3.6852861881763
137    4.7244324782643  1.43355879781648 0.139549403707388
138  -0.679299831065418   4.0283276282612  2.77562557239556
139   -1.2679143023451 -4.73701498042162 -0.583094205044243
140  -4.90142189055806 0.000433456227743 0.636050065274962
141  -2.78929013164286  1.67655010964535 -3.72342279593477
142    1.4584635501988 -1.53985830878817 -4.47353506211706
143  -2.03937164503374 -2.79898255546484  3.53799205165049
144  -1.79915002550375 -0.033112600555415 -4.60793832034501
145   1.15090431941899  2.97634587972201  3.77714958849807
146  -1.27865596741449  1.70233566851848  4.45883205658421
147  -0.188176627483425 -4.93592034372142 -0.003934406145037
148   4.83936166270262 0.635614992262843 0.808927851582411
149  -0.027488559961399 -4.53693006722597 -1.95481688366952
150    4.5834403850821 -0.716715422687034 -1.71325400210804
151  0.938777878364576 -2.53025986483128   4.1389713875978
152   2.73916623771598 -2.23870550585365  3.44982114255314
153  -0.305801806878678 -1.01805206897331 -4.83167345475562
154  -0.200839622615966 -3.46338232129402  3.52068535173314
155  0.730673560345891 -0.950882381394612 -4.79355178911008
156  0.269494434187982  4.25661599335732  2.50066431208121
157   2.77871447840423  2.66996029291001 -3.09603622761452
158   2.25434752759387  3.60678642912427 -2.51179894860165
159  -1.83496494220428 -3.96293746913359 -2.30343525871705
160   4.01460277777405  2.44676007536731  1.53492073873372
161  0.317797444121118 -4.05264321855369 -2.80758808301873
162   2.55488479519731 -4.15938945525171    0.778883203504
163   -4.6615141031905 -1.55446626805793 -0.539757203507574
164  0.248953241243612  3.60367819051813  3.36877507187492
165  -4.32420399845023  2.39621904760705 -0.260669298795525
166  0.150222058436238 0.142963320553911  4.93166765684084
167   0.15522159220811  4.42427017670016 -2.19090217495147
168   3.67764569086336  2.97021136453961 -1.45606063226827
169  -2.45884536143705  4.27896420151527 0.275784066468635
170   1.53412010555323  4.67224191912523 -0.527512136166913
171  -1.56293558069155  4.16943704617599  2.15822842792199
172  -0.396376398228627  3.29969341186265 -3.65490805846711
173   -2.4712868833224  3.65606402160916  2.22078506272219
174  -0.250799823245819 -0.858551244149864  4.85758143851825
175  -1.23028388166928  4.69821191301962  -0.9437299455882
176  -3.29772377810855 -3.06287021945097  2.03441402000291
177    3.7614987201785  3.15231203881827 0.570065820120893
178  -4.23302029845839 -0.834854958794804   -2.399609781481
179   1.01782273343411 -4.41507253768785  -1.9662661562793
180   1.01266340750788 -4.47197051229044    1.838568353442
181   3.30512217653815 0.665475814099391 -3.60876782070085
182  -3.06518843918621 -2.55322656666172  2.92251047749054
183  -2.29626605191466 0.940204458589579 -4.28260790196479
184  -3.28608649334941  3.03940484999134 -2.10425226631683
185  -0.364243214383726 -4.83256275668884 -0.982795374022214
186  -2.26257322275823 -1.09464435402753  4.26333869451694
187  -0.976154859553275 -4.49637604244062  1.82352094162116
188   2.58659621862066  3.92418031480458  1.51958859842533
189  -2.63342111781547 -1.98088713771592  3.68102342784327
190  -2.15325414961715 -2.67911403723171 -3.54939374991475
191    0.1778448297279  2.78920796839592  4.07263012939799
192  -0.188244532974146 0.913342944873901 -4.85184839756032
193   1.87148652688998 -2.33275459734017  3.94270266172561
194   -3.9763322783269  0.64613859635381 -2.85576661661124
195  -3.58643195734481 -1.65352357018462  2.97717138290641
196   3.69715554352596  2.16075173090662 -2.47163502156032
197   3.20920287228196  1.75384919219381 -3.32452153504469
198   2.02101468815599 -4.08603470415925 -1.90966756863915
199   2.72828057580659 -2.44202625946585 -3.31931112597347
200  0.207868089994772  4.90665869743352 0.563106793116804
201  -3.57695225853293 -1.40974554343708 -3.10001253659883
202   4.36633402513845  1.20374803945966 -1.97183183900431
203     2.915887411175  3.71371175917303 -1.48370141557573
204  -0.719026129677581  -1.9737055892076 -4.47433259483148
205   2.73657469063361  -1.4792526522482 -3.84079988962843
206   3.86047782869188 -3.08516682275918 -0.025819077667356
207   1.37837583151029 -3.85055939815876  -2.7911912224575
208   2.82008978040264 -0.383972472934926  4.04018367937074
209  -0.956275713087026 -0.017231720031432  4.84508271195296
210  -2.46951530013133  3.28011170899046 -2.76191593023943
211   2.27879254040316 -3.63017111673024  2.45033995150452
212  -3.86307214253803   2.2065121399826   -2.146244146238
213  -2.53829361761123  4.03697008148715  1.28900663389659
214   4.32722610565389   2.3353401819865 0.511005059944104
215   3.17558427103206 0.625939921568625  3.73321518250841
216   3.42050484959085  1.57946888846151  3.20857012153171
217   2.16491185247768 -0.798333023436156 -4.36693567578673
218  0.317267342201072  3.86894650464104 -3.05774526043576
219  -3.77783702567186 -0.269180839321093 -3.17026423012401
220  0.031697840012864  -4.5633638789158  1.88778141640931
221  -3.31377293516385  3.34703976714018  1.50526239249328
222    3.0644077845655 -3.87705896273722 -0.041082267040152
223  -2.72446936505752 -1.80810179835304  -3.7050337453719
224  -4.67938842099378 -0.541066398648216  1.51265605746697
225  -0.784191345472834 -4.10642652056162 -2.64147451137508
226  -3.70948534995393  1.92579281337589   2.6279103851055
227  -0.578027929475219 -4.82757247965734 0.932797786249888
228   3.44996804514789 -0.97505570458095 -3.41202154255096
229   3.51630451287625  2.42456661421105  2.48270763658453
230   3.49945149837619 -3.38850938465556 0.859581818030009
231  -4.78091949944142  1.04861793432626 0.665295652002273
232  -3.13602906043422 -0.781969006319961 -3.74745076174168
233  -0.573331743443928  4.55290040202889  1.84244679462034
234  -2.25794998495551 -0.995681188530779 -4.28344497947958
235  -1.71270513320563  3.87955524911581 -2.53224514518662
236  0.509391387982359  1.68571996141127 -4.61881169811359
237   4.38181709809646  2.21857650855147 -0.54433245307775
238  -4.91706505808706 0.447189969430689 -0.324324374680967
239  -2.72856133442923 0.028248426187696 -4.11845738185201
240  -3.09860931519425  3.77991964825569 -0.74701019962451
241  -0.706943544955123  3.95704144467845 -2.86904207195054
242   3.46448716567938 -3.40150839061617 -0.930272305506448
243  -3.89599314159222 -3.04773880961901 0.245305920545394
244  -2.41585755610865 -3.33489541884462    2.728078192215
245  -1.12358720900519 -2.80828563092864 -3.90955405487238
246  -0.665759135729346  -1.8609255655467   4.5308049324882
247   1.91057291312595 -3.12527482071656  3.31578415697005
248  -3.07336096821329  2.45478837973615 -2.99236900363543
249  -2.01669841307388 -0.132695267543256  4.50739299168213
250    -2.434853808168   3.0462605926871  3.04899236549146
251   1.91455956523532  2.25543062586359  3.96728945537394
252   4.92018059651482 0.447057734277985 -0.25835078120369
253   -1.6535976813612  4.50717414643218  1.19785493958977
254   4.90912897865576 -0.424939635050193 0.425123990040026
255  -0.626432996957337 -4.07177680822307  2.72551043526574
256  -1.70601769434546 -3.98846318610887  2.37717000041501
257  -3.75217206514998  3.21121932185698 -0.271313213538499
258   4.27396463913326 -0.132057117446015  2.46879280822931
259  -0.885413967217154  4.45102429319957  -1.9601866663222
260  -2.23721940036349 -4.40518570542377 -0.231101974600973
261  -4.38060328783244  1.53157667114109  1.70947323091329
262  -1.02566736491111 -2.78467031250064  3.95691362934413
263   3.03335405636237   3.8530979003464 0.612347230285268
264  -1.67013613164114 0.803780795700586  4.59027521800687
265   2.28328654845603 0.474684473015518  4.36168284406975
266   4.10777538302224 -0.93516628106097 -2.57952869414018
267  0.872502098048584 -3.35155889576477  3.52927684908526
268    1.8704818804672  2.96171078240606 -3.49411745701236
269  -2.88081379555206  2.21649859839414  3.35074165330067
270   2.91533819157984 -2.92805679537739  2.70507340932983
271  -4.45581907515504  2.00286656076536 0.738691339993434
272  -2.63939212231359  0.80780797058353  4.10554751484178
273    2.1572562155295 0.365041667187998 -4.43313231760915
274   1.19619420008328  4.21957366125155 -2.29970466705829
275  -3.62401054652271 0.406166782005017  3.33629401039414
276  -0.152590383742492  4.77875000645574 -1.24353447629899
277   3.89540576508511  1.10272212943211 -2.83957561463413
278  -4.31982585333474 0.002998494681791  2.40714125792466
279  -0.558178237852238 0.945899598656247  4.82496502925081
280  -2.01019582939365  -4.3232044135925 -1.30476835389477
281  -0.060619368089288 -2.78555589527935 -4.08797125396257
282   3.22213152386617 -1.27176863234933  3.52493167455535
283  -3.24088063545102  2.83373502743274  2.41970501176996
284  -1.29195513342171 -1.00255160090297  4.66216110249814
285   3.57297849017722 -2.85537988746725  1.88193157676046
286   1.38396253986227 -1.52616028911022  4.49516893033925
287  0.019890293613955  2.51933235780139 -4.25572130220063
288   2.92616443695182 -3.54795298848971  -1.8029867426311
289  -0.795740988610561 -0.028423723618461 -4.88071325526522
290   3.38845384534484  3.24966424856314  1.57059534979839
291  -1.49939521344875 -3.48014188625665 -3.18081132938732
292     -3.23198293743 -3.73439277752562 -0.026224033864416
293  0.814093740607621 -0.686195620157187  4.82470017260158
294   2.24814955466383  2.09664526724165 -3.86682401027192
295   2.93454723089168 -0.232492982402592 -3.96920815128098
296   2.59272348553539  1.46424253045803  3.94326127051542
297   2.36806561600129 -1.37932304456415  4.11190129233822
298   0.52616247275957  4.89049586506484 -0.441646372943723
299  -2.78403984128295  -3.6260312771409 -1.87434598359634
300   4.73649612918849 0.333609053644433 -1.35909764612378

edges  
  1       1  170     color darkgray 
  2       1  101     color darkgray 
  3       1   35     color darkgray 
  4       1   17     color darkgray 
  5       1  203     color darkgray 
  6     170   17     color darkgray 
  7      17  101     color darkgray 
  8     101  203     color darkgray 
  9     203   35     color darkgray 
 10      35  170     color darkgray 
 11       2  165     color darkgray 
 12       2  212     color darkgray 
 13       2    8     color darkgray 
 14       2   46     color darkgray 
 15       2   24     color darkgray 
 16       2  134     color darkgray 
 17      24  212     color darkgray 
 18     212   46     color darkgray 
 19      46  134     color darkgray 
 20     134    8     color darkgray 
 21       8  165     color darkgray 
 22     165   24     color darkgray 
 23       3  181     color darkgray 
 24       3  126     color darkgray 
 25       3  228     color darkgray 
 26       3  266     color darkgray 
 27       3  277     color darkgray 
 28       3  295     color darkgray 
 29     277  126     color darkgray 
 30     126  266     color darkgray 
 31     266  228     color darkgray 
 32     228  295     color darkgray 
 33     295  181     color darkgray 
 34     181  277     color darkgray 
 35       4  119     color darkgray 
 36       4   29     color darkgray 
 37       4  111     color darkgray 
 38       4  206     color darkgray 
 39       4  242     color darkgray 
 40     111  206     color darkgray 
 41     206  242     color darkgray 
 42     242  119     color darkgray 
 43       6    4     color darkgray 
 44      29  111     color darkgray 
 45       5  146     color darkgray 
 46       5   40     color darkgray 
 47       5   49     color darkgray 
 48       5  191     color darkgray 
 49       5  115     color darkgray 
 50      40   49     color darkgray 
 51      49  146     color darkgray 
 52     146  115     color darkgray 
 53     115  191     color darkgray 
 54     191   40     color darkgray 
 55       6  119     color darkgray 
 56       6   29     color darkgray 
 57       6  266     color darkgray 
 58       6  103     color darkgray 
 59       6  150     color darkgray 
 60      18    6     color darkgray 
 61     103  266     color darkgray 
 62     266  150     color darkgray 
 63     150   29     color darkgray 
 64       7  176     color darkgray 
 65       7  112     color darkgray 
 66       7   56     color darkgray 
 67       7  243     color darkgray 
 68       7   39     color darkgray 
 69       7  292     color darkgray 
 70     243  292     color darkgray 
 71     292  112     color darkgray 
 72     112   56     color darkgray 
 73      56  176     color darkgray 
 74     176   39     color darkgray 
 75      39  243     color darkgray 
 76       8  238     color darkgray 
 77       8  231     color darkgray 
 78       8  271     color darkgray 
 79     134  238     color darkgray 
 80     238  231     color darkgray 
 81     231  271     color darkgray 
 82     271  165     color darkgray 
 83       9  102     color darkgray 
 84       9  251     color darkgray 
 85       9  191     color darkgray 
 86       9  115     color darkgray 
 87       9   57     color darkgray 
 88       9  145     color darkgray 
 89     251  145     color darkgray 
 90     145  191     color darkgray 
 91     115   57     color darkgray 
 92      57  102     color darkgray 
 93     102  251     color darkgray 
 94      10   47     color darkgray 
 95      10   69     color darkgray 
 96      10   59     color darkgray 
 97      10  110     color darkgray 
 98      10  258     color darkgray 
 99      69   59     color darkgray 
100      59   47     color darkgray 
101      47  258     color darkgray 
102     258  110     color darkgray 
103     110   69     color darkgray 
104      11  274     color darkgray 
105      11  170     color darkgray 
106      11  298     color darkgray 
107      11  276     color darkgray 
108      11   35     color darkgray 
109      11  167     color darkgray 
110     167  276     color darkgray 
111     276  298     color darkgray 
112     298  170     color darkgray 
113      35  274     color darkgray 
114     274  167     color darkgray 
115      12  125     color darkgray 
116      12   52     color darkgray 
117      12   81     color darkgray 
118      12  281     color darkgray 
119      12   85     color darkgray 
120      12  142     color darkgray 
121     281  125     color darkgray 
122     125  142     color darkgray 
123     142   52     color darkgray 
124      52   85     color darkgray 
125      85   81     color darkgray 
126      81  281     color darkgray 
127      13   64     color darkgray 
128      13   65     color darkgray 
129      13  121     color darkgray 
130      13   83     color darkgray 
131      13  224     color darkgray 
132      13   39     color darkgray 
133      83   64     color darkgray 
134      64  224     color darkgray 
135     224  121     color darkgray 
136     121   65     color darkgray 
137      65   39     color darkgray 
138      39   83     color darkgray 
139      14   92     color darkgray 
140      14   88     color darkgray 
141      14  188     color darkgray 
142      14   17     color darkgray 
143      14  100     color darkgray 
144     188   17     color darkgray 
145      17   88     color darkgray 
146      88  100     color darkgray 
147     100   92     color darkgray 
148      58   14     color darkgray 
149      15  300     color darkgray 
150      15  237     color darkgray 
151      15  202     color darkgray 
152      15  137     color darkgray 
153      15  252     color darkgray 
154      15   38     color darkgray 
155     252  300     color darkgray 
156     300  202     color darkgray 
157     202   38     color darkgray 
158      38  237     color darkgray 
159     237  137     color darkgray 
160     137  252     color darkgray 
161      16   77     color darkgray 
162      16  163     color darkgray 
163      16  121     color darkgray 
164      16  238     color darkgray 
165      16  140     color darkgray 
166     121  140     color darkgray 
167     140  238     color darkgray 
168     238   77     color darkgray 
169     123   16     color darkgray 
170     163  121     color darkgray 
171      17  263     color darkgray 
172     170   88     color darkgray 
173     188  263     color darkgray 
174     263  101     color darkgray 
175      18  119     color darkgray 
176      18  199     color darkgray 
177      18  103     color darkgray 
178      18   73     color darkgray 
179      18  288     color darkgray 
180     119  288     color darkgray 
181     288   73     color darkgray 
182      73  199     color darkgray 
183     199  103     color darkgray 
184      19  155     color darkgray 
185      19  192     color darkgray 
186      19  289     color darkgray 
187      19   96     color darkgray 
188      19  153     color darkgray 
189      19  105     color darkgray 
190     153  289     color darkgray 
191     289  192     color darkgray 
192     192   96     color darkgray 
193      96  105     color darkgray 
194     105  155     color darkgray 
195     155  153     color darkgray 
196      20   84     color darkgray 
197      20  252     color darkgray 
198      20  150     color darkgray 
199      20  300     color darkgray 
200      20  254     color darkgray 
201      20   29     color darkgray 
202     252  254     color darkgray 
203     254   84     color darkgray 
204      84   29     color darkgray 
205     150  300     color darkgray 
206      21  222     color darkgray 
207      21   41     color darkgray 
208      21  288     color darkgray 
209      21   79     color darkgray 
210      21  198     color darkgray 
211      21  242     color darkgray 
212      79   41     color darkgray 
213      41  198     color darkgray 
214     198  288     color darkgray 
215     288  242     color darkgray 
216     242  222     color darkgray 
217     222   79     color darkgray 
218      22   26     color darkgray 
219      22   70     color darkgray 
220      22  123     color darkgray 
221      22   28     color darkgray 
222      22  117     color darkgray 
223      22  163     color darkgray 
224      28  117     color darkgray 
225     117   70     color darkgray 
226      70  163     color darkgray 
227     163  123     color darkgray 
228     123   26     color darkgray 
229      26   28     color darkgray 
230      23  169     color darkgray 
231      23   72     color darkgray 
232      23  240     color darkgray 
233      23  175     color darkgray 
234      23   66     color darkgray 
235      23   42     color darkgray 
236     175   72     color darkgray 
237      72   42     color darkgray 
238      42  240     color darkgray 
239     240  169     color darkgray 
240     169   66     color darkgray 
241      66  175     color darkgray 
242      24  184     color darkgray 
243      24  257     color darkgray 
244      24  240     color darkgray 
245      24   42     color darkgray 
246      42  184     color darkgray 
247     184  212     color darkgray 
248     165  257     color darkgray 
249     257  240     color darkgray 
250      25   71     color darkgray 
251      25   90     color darkgray 
252      25  248     color darkgray 
253      25  141     color darkgray 
254      25  210     color darkgray 
255      25   98     color darkgray 
256      98   90     color darkgray 
257      90  141     color darkgray 
258     141  248     color darkgray 
259     248  210     color darkgray 
260     210   71     color darkgray 
261      71   98     color darkgray 
262      26  201     color darkgray 
263      26  178     color darkgray 
264      26   37     color darkgray 
265      37   28     color darkgray 
266     123  178     color darkgray 
267     178  201     color darkgray 
268     201   37     color darkgray 
269      27  192     color darkgray 
270      27  287     color darkgray 
271      27   98     color darkgray 
272      27  131     color darkgray 
273      27   90     color darkgray 
274      27  236     color darkgray 
275      98  287     color darkgray 
276     287  236     color darkgray 
277     236  192     color darkgray 
278     192  131     color darkgray 
279     131   90     color darkgray 
280      28  299     color darkgray 
281      28   48     color darkgray 
282      48  299     color darkgray 
283     299  117     color darkgray 
284      37   48     color darkgray 
285      84  111     color darkgray 
286      30  160     color darkgray 
287      30   62     color darkgray 
288      30  148     color darkgray 
289      30  214     color darkgray 
290      30   36     color darkgray 
291      30  137     color darkgray 
292     148  137     color darkgray 
293     137  214     color darkgray 
294     214  160     color darkgray 
295     160   36     color darkgray 
296      36   62     color darkgray 
297      62  148     color darkgray 
298      31  286     color darkgray 
299      31  246     color darkgray 
300      31  174     color darkgray 
301      31  151     color darkgray 
302      31  293     color darkgray 
303      31  124     color darkgray 
304     124  151     color darkgray 
305     151  286     color darkgray 
306     286  293     color darkgray 
307     293  174     color darkgray 
308     174  246     color darkgray 
309     246  124     color darkgray 
310      32   80     color darkgray 
311      32  297     color darkgray 
312      32  208     color darkgray 
313      32  293     color darkgray 
314      32  265     color darkgray 
315      32  286     color darkgray 
316      80  293     color darkgray 
317     286  297     color darkgray 
318     297  208     color darkgray 
319     208  265     color darkgray 
320     265   80     color darkgray 
321      33  275     color darkgray 
322      33  269     color darkgray 
323      33  272     color darkgray 
324      33  226     color darkgray 
325      33  108     color darkgray 
326      33   44     color darkgray 
327      44  269     color darkgray 
328     269  226     color darkgray 
329     226  108     color darkgray 
330     108  275     color darkgray 
331     275  272     color darkgray 
332     272   44     color darkgray 
333      34  215     color darkgray 
334      34  208     color darkgray 
335      34  110     color darkgray 
336      34  258     color darkgray 
337      34   97     color darkgray 
338      34  282     color darkgray 
339     215  208     color darkgray 
340     208  282     color darkgray 
341     282  110     color darkgray 
342     258   97     color darkgray 
343      97  215     color darkgray 
344      35  158     color darkgray 
345     203  158     color darkgray 
346     158  274     color darkgray 
347      36  229     color darkgray 
348      36   97     color darkgray 
349      36  216     color darkgray 
350     160  229     color darkgray 
351     229  216     color darkgray 
352     216   97     color darkgray 
353      97   62     color darkgray 
354      37  223     color darkgray 
355      37  190     color darkgray 
356     201  223     color darkgray 
357     223  190     color darkgray 
358     190   48     color darkgray 
359      38  168     color darkgray 
360      38  196     color darkgray 
361     202  196     color darkgray 
362     196  168     color darkgray 
363     168  237     color darkgray 
364      65  243     color darkgray 
365     176   83     color darkgray 
366      40  120     color darkgray 
367      40  164     color darkgray 
368      40  138     color darkgray 
369     191  164     color darkgray 
370     164  138     color darkgray 
371     138  120     color darkgray 
372     120   49     color darkgray 
373      41   45     color darkgray 
374      41  179     color darkgray 
375      41   43     color darkgray 
376      79   43     color darkgray 
377      43   45     color darkgray 
378      45  179     color darkgray 
379     179  198     color darkgray 
380      42  210     color darkgray 
381      42  235     color darkgray 
382      72  235     color darkgray 
383     235  210     color darkgray 
384     210  184     color darkgray 
385      43  133     color darkgray 
386      43   53     color darkgray 
387      43  147     color darkgray 
388      79  133     color darkgray 
389     133   53     color darkgray 
390      53  147     color darkgray 
391     147   45     color darkgray 
392      44   49     color darkgray 
393      44  146     color darkgray 
394      44  264     color darkgray 
395     272  264     color darkgray 
396     264  146     color darkgray 
397      49  269     color darkgray 
398      45  185     color darkgray 
399      45  149     color darkgray 
400     147  185     color darkgray 
401     185  149     color darkgray 
402     149  179     color darkgray 
403      46  194     color darkgray 
404      46  118     color darkgray 
405      46   60     color darkgray 
406     118  134     color darkgray 
407     212   60     color darkgray 
408      60  194     color darkgray 
409     194  118     color darkgray 
410      47  254     color darkgray 
411      47  148     color darkgray 
412      47   62     color darkgray 
413      59  254     color darkgray 
414     254  148     color darkgray 
415      62  258     color darkgray 
416      48  159     color darkgray 
417      48  291     color darkgray 
418     190  291     color darkgray 
419     291  159     color darkgray 
420     159  299     color darkgray 
421      49  250     color darkgray 
422     120  250     color darkgray 
423     250  269     color darkgray 
424      50  280     color darkgray 
425      50  225     color darkgray 
426      50  185     color darkgray 
427      50  149     color darkgray 
428      50  159     color darkgray 
429      50  139     color darkgray 
430     159  225     color darkgray 
431     225  149     color darkgray 
432     185  139     color darkgray 
433     139  280     color darkgray 
434     280  159     color darkgray 
435      51  255     color darkgray 
436      51  143     color darkgray 
437      51  262     color darkgray 
438      51  256     color darkgray 
439      51  154     color darkgray 
440      51  244     color darkgray 
441     256  255     color darkgray 
442     255  154     color darkgray 
443     154  262     color darkgray 
444     262  143     color darkgray 
445     143  244     color darkgray 
446     244  256     color darkgray 
447      52  199     color darkgray 
448      52  205     color darkgray 
449     142  205     color darkgray 
450     205  199     color darkgray 
451     199   85     color darkgray 
452      53  227     color darkgray 
453      53  220     color darkgray 
454      53  180     color darkgray 
455     227  147     color darkgray 
456     133  180     color darkgray 
457     180  220     color darkgray 
458     220  227     color darkgray 
459      54  175     color darkgray 
460      54   66     color darkgray 
461      54  200     color darkgray 
462      54  298     color darkgray 
463      54  276     color darkgray 
464      54   91     color darkgray 
465     276  175     color darkgray 
466      66   91     color darkgray 
467      91  200     color darkgray 
468     200  298     color darkgray 
469      55  225     color darkgray 
470      55  281     color darkgray 
471      55  161     color darkgray 
472      55  291     color darkgray 
473      55  245     color darkgray 
474      55   81     color darkgray 
475     291  245     color darkgray 
476     245  281     color darkgray 
477      81  161     color darkgray 
478     161  225     color darkgray 
479     225  291     color darkgray 
480      56   87     color darkgray 
481      56  256     color darkgray 
482      56  244     color darkgray 
483     112   87     color darkgray 
484      87  256     color darkgray 
485     244  176     color darkgray 
486      57   80     color darkgray 
487      57  166     color darkgray 
488      57  279     color darkgray 
489     166   80     color darkgray 
490      80  102     color darkgray 
491     115  279     color darkgray 
492     279  166     color darkgray 
493      58  188     color darkgray 
494      58   75     color darkgray 
495      58   92     color darkgray 
496      58   86     color darkgray 
497      58  104     color darkgray 
498      75  188     color darkgray 
499      92   86     color darkgray 
500      86  104     color darkgray 
501     104   75     color darkgray 
502      59   84     color darkgray 
503      59  111     color darkgray 
504      59  127     color darkgray 
505      69  127     color darkgray 
506     127  111     color darkgray 
507      60  248     color darkgray 
508      60  141     color darkgray 
509      60  129     color darkgray 
510     212  248     color darkgray 
511     141  129     color darkgray 
512     129  194     color darkgray 
513      61  272     color darkgray 
514      61  136     color darkgray 
515      61  275     color darkgray 
516      61  249     color darkgray 
517      61  186     color darkgray 
518      61  132     color darkgray 
519     249  272     color darkgray 
520     275  132     color darkgray 
521     132  136     color darkgray 
522     136  186     color darkgray 
523     186  249     color darkgray 
524      63  104     color darkgray 
525      63  216     color darkgray 
526      63  251     color darkgray 
527      63  229     color darkgray 
528      63  296     color darkgray 
529      63   75     color darkgray 
530     251  296     color darkgray 
531     296  216     color darkgray 
532     229   75     color darkgray 
533     104  251     color darkgray 
534      64  132     color darkgray 
535      64  195     color darkgray 
536      64  278     color darkgray 
537      83  195     color darkgray 
538     195  132     color darkgray 
539     132  278     color darkgray 
540     278  224     color darkgray 
541      65   70     color darkgray 
542      65  163     color darkgray 
543      70  243     color darkgray 
544      66  253     color darkgray 
545     169  253     color darkgray 
546     253   91     color darkgray 
547      67  268     color darkgray 
548      67  274     color darkgray 
549      67  218     color darkgray 
550      67  158     color darkgray 
551      67   93     color darkgray 
552     158  268     color darkgray 
553     268   93     color darkgray 
554      93  218     color darkgray 
555     218  274     color darkgray 
556      68   82     color darkgray 
557      68  255     color darkgray 
558      68  220     color darkgray 
559      68  154     color darkgray 
560      68  267     color darkgray 
561      68  180     color darkgray 
562     267  154     color darkgray 
563     255  220     color darkgray 
564     180   82     color darkgray 
565      82  267     color darkgray 
566      69   78     color darkgray 
567      69  285     color darkgray 
568     285  127     color darkgray 
569     110   78     color darkgray 
570      78  285     color darkgray 
571     117  243     color darkgray 
572      71  235     color darkgray 
573      71  172     color darkgray 
574      71  241     color darkgray 
575     235  241     color darkgray 
576     241  172     color darkgray 
577     172   98     color darkgray 
578      72  259     color darkgray 
579     175  259     color darkgray 
580     259  235     color darkgray 
581      73   85     color darkgray 
582      73  207     color darkgray 
583      73  198     color darkgray 
584     207   85     color darkgray 
585     198  207     color darkgray 
586      74  169     color darkgray 
587      74  257     color darkgray 
588      74   76     color darkgray 
589      74  221     color darkgray 
590      74  213     color darkgray 
591      74  240     color darkgray 
592     213  169     color darkgray 
593     257   76     color darkgray 
594      76  221     color darkgray 
595     221  213     color darkgray 
596      75  290     color darkgray 
597     229  290     color darkgray 
598     290  188     color darkgray 
599      76  271     color darkgray 
600      76  114     color darkgray 
601      76  165     color darkgray 
602     271  114     color darkgray 
603     114  221     color darkgray 
604      77  118     color darkgray 
605      77  123     color darkgray 
606      77  134     color darkgray 
607      77  178     color darkgray 
608     118  178     color darkgray 
609      78  270     color darkgray 
610      78  152     color darkgray 
611      78  282     color darkgray 
612     282  152     color darkgray 
613     152  270     color darkgray 
614     270  285     color darkgray 
615      79  162     color darkgray 
616     222  162     color darkgray 
617     162  133     color darkgray 
618     166  293     color darkgray 
619     265  102     color darkgray 
620      81  207     color darkgray 
621     207  161     color darkgray 
622      82  211     color darkgray 
623      82  247     color darkgray 
624      82  113     color darkgray 
625     180  113     color darkgray 
626     113  211     color darkgray 
627     211  247     color darkgray 
628     247  267     color darkgray 
629      83  182     color darkgray 
630     176  182     color darkgray 
631     182  195     color darkgray 
632      86  164     color darkgray 
633      86  145     color darkgray 
634      86  156     color darkgray 
635      92  156     color darkgray 
636     156  164     color darkgray 
637     164  145     color darkgray 
638     145  104     color darkgray 
639      87  187     color darkgray 
640      87   99     color darkgray 
641      87  227     color darkgray 
642     112   99     color darkgray 
643      99  227     color darkgray 
644     227  187     color darkgray 
645     187  256     color darkgray 
646      88  200     color darkgray 
647      88  298     color darkgray 
648     200  100     color darkgray 
649      89   93     color darkgray 
650      89  236     color darkgray 
651      89   95     color darkgray 
652      89  294     color darkgray 
653      89  268     color darkgray 
654      89  287     color darkgray 
655     268  294     color darkgray 
656     294   95     color darkgray 
657      95  236     color darkgray 
658     287   93     color darkgray 
659      90  183     color darkgray 
660     131  183     color darkgray 
661     183  141     color darkgray 
662      91  233     color darkgray 
663      91  100     color darkgray 
664     253  233     color darkgray 
665     233  100     color darkgray 
666     100  156     color darkgray 
667      93  172     color darkgray 
668     287  172     color darkgray 
669     172  218     color darkgray 
670      94  292     color darkgray 
671      94  299     color darkgray 
672      94  117     color darkgray 
673      94  280     color darkgray 
674      94  260     color darkgray 
675     280  260     color darkgray 
676     260  292     color darkgray 
677     292  117     color darkgray 
678     299  280     color darkgray 
679      95   96     color darkgray 
680      95  109     color darkgray 
681      95  273     color darkgray 
682     273   96     color darkgray 
683      96  236     color darkgray 
684     294  109     color darkgray 
685     109  273     color darkgray 
686     273  105     color darkgray 
687     216  215     color darkgray 
688      99  139     color darkgray 
689      99  260     color darkgray 
690      99  147     color darkgray 
691     260  139     color darkgray 
692     139  147     color darkgray 
693     112  260     color darkgray 
694     233  156     color darkgray 
695     101  107     color darkgray 
696     101  177     color darkgray 
697     101  168     color darkgray 
698     107  168     color darkgray 
699     168  203     color darkgray 
700     263  177     color darkgray 
701     177  107     color darkgray 
702     102  296     color darkgray 
703     265  296     color darkgray 
704     103  228     color darkgray 
705     103  205     color darkgray 
706     205  228     color darkgray 
707     105  217     color darkgray 
708     105  142     color darkgray 
709     273  217     color darkgray 
710     217  142     color darkgray 
711     142  155     color darkgray 
712     106  261     color darkgray 
713     106  278     color darkgray 
714     106  231     color darkgray 
715     106  224     color darkgray 
716     106  140     color darkgray 
717     106  108     color darkgray 
718     278  108     color darkgray 
719     108  261     color darkgray 
720     261  231     color darkgray 
721     231  140     color darkgray 
722     140  224     color darkgray 
723     107  237     color darkgray 
724     107  214     color darkgray 
725     177  214     color darkgray 
726     214  237     color darkgray 
727     278  275     color darkgray 
728     226  261     color darkgray 
729     109  181     color darkgray 
730     109  197     color darkgray 
731     197  181     color darkgray 
732     295  109     color darkgray 
733     294  197     color darkgray 
734     127  206     color darkgray 
735     113  133     color darkgray 
736     113  162     color darkgray 
737     113  135     color darkgray 
738     162  135     color darkgray 
739     135  211     color darkgray 
740     114  261     color darkgray 
741     114  283     color darkgray 
742     114  226     color darkgray 
743     283  221     color darkgray 
744     271  261     color darkgray 
745     226  283     color darkgray 
746     146  279     color darkgray 
747     116  153     color darkgray 
748     116  234     color darkgray 
749     116  144     color darkgray 
750     116  122     color darkgray 
751     116  204     color darkgray 
752     116  289     color darkgray 
753     144  289     color darkgray 
754     153  204     color darkgray 
755     204  122     color darkgray 
756     122  234     color darkgray 
757     234  144     color darkgray 
758     118  219     color darkgray 
759     194  219     color darkgray 
760     219  178     color darkgray 
761     120  171     color darkgray 
762     120  173     color darkgray 
763     171  173     color darkgray 
764     173  250     color darkgray 
765     138  171     color darkgray 
766     122  190     color darkgray 
767     122  245     color darkgray 
768     122  223     color darkgray 
769     245  190     color darkgray 
770     223  234     color darkgray 
771     204  245     color darkgray 
772     124  262     color darkgray 
773     124  154     color darkgray 
774     124  267     color darkgray 
775     267  151     color darkgray 
776     246  262     color darkgray 
777     125  155     color darkgray 
778     125  204     color darkgray 
779     125  153     color darkgray 
780     281  204     color darkgray 
781     126  300     color darkgray 
782     126  202     color darkgray 
783     126  150     color darkgray 
784     277  202     color darkgray 
785     127  230     color darkgray 
786     230  206     color darkgray 
787     285  230     color darkgray 
788     128  157     color darkgray 
789     128  168     color darkgray 
790     128  158     color darkgray 
791     128  203     color darkgray 
792     128  196     color darkgray 
793     196  157     color darkgray 
794     157  158     color darkgray 
795     129  239     color darkgray 
796     129  219     color darkgray 
797     129  183     color darkgray 
798     183  239     color darkgray 
799     239  219     color darkgray 
800     130  246     color darkgray 
801     130  262     color darkgray 
802     130  186     color darkgray 
803     130  189     color darkgray 
804     130  143     color darkgray 
805     130  284     color darkgray 
806     284  186     color darkgray 
807     186  189     color darkgray 
808     189  143     color darkgray 
809     246  284     color darkgray 
810     131  144     color darkgray 
811     131  289     color darkgray 
812     144  183     color darkgray 
813     195  136     color darkgray 
814     135  230     color darkgray 
815     135  285     color darkgray 
816     135  270     color darkgray 
817     270  211     color darkgray 
818     162  230     color darkgray 
819     136  189     color darkgray 
820     195  189     color darkgray 
821     148  252     color darkgray 
822     138  156     color darkgray 
823     138  233     color darkgray 
824     233  171     color darkgray 
825     217  205     color darkgray 
826     143  182     color darkgray 
827     189  182     color darkgray 
828     182  244     color darkgray 
829     144  239     color darkgray 
830     234  239     color darkgray 
831     264  279     color darkgray 
832     149  161     color darkgray 
833     161  179     color darkgray 
834     151  193     color darkgray 
835     151  247     color darkgray 
836     247  193     color darkgray 
837     193  286     color darkgray 
838     152  193     color darkgray 
839     152  297     color darkgray 
840     152  247     color darkgray 
841     297  193     color darkgray 
842     247  270     color darkgray 
843     282  297     color darkgray 
844     157  268     color darkgray 
845     157  197     color darkgray 
846     157  294     color darkgray 
847     196  197     color darkgray 
848     160  290     color darkgray 
849     160  177     color darkgray 
850     177  290     color darkgray 
851     207  179     color darkgray 
852     222  230     color darkgray 
853     166  174     color darkgray 
854     166  209     color darkgray 
855     279  209     color darkgray 
856     209  174     color darkgray 
857     167  218     color darkgray 
858     167  259     color darkgray 
859     167  241     color darkgray 
860     218  241     color darkgray 
861     241  259     color darkgray 
862     259  276     color darkgray 
863     213  253     color darkgray 
864     171  253     color darkgray 
865     171  213     color darkgray 
866     213  173     color darkgray 
867     173  283     color darkgray 
868     173  221     color darkgray 
869     283  250     color darkgray 
870     174  284     color darkgray 
871     209  284     color darkgray 
872     263  290     color darkgray 
873     219  201     color darkgray 
874     295  273     color darkgray 
875     197  277     color darkgray 
876     184  248     color darkgray 
877     284  249     color darkgray 
878     187  220     color darkgray 
879     187  255     color darkgray 
880     196  277     color darkgray 
881     201  232     color darkgray 
882     219  232     color darkgray 
883     232  223     color darkgray 
884     205  295     color darkgray 
885     217  295     color darkgray 
886     206  222     color darkgray 
887     215  265     color darkgray 
888     209  264     color darkgray 
889     209  249     color darkgray 
890     264  249     color darkgray 
891     215  296     color darkgray 
892     239  232     color darkgray 
893     232  234     color darkgray 
894     269  283     color darkgray 

faces    /* edge loop */      
  1   6 -4 1 color brown  /*area 0.484097*/
  2   7 -2 4 color brown  /*area 0.521151*/
  3   8 -5 2 color brown  /*area 0.482537*/
  4   9 -3 5 color brown  /*area 0.489096*/
  5   10 -1 3 color brown  /*area 0.499943*/
  6   17 -12 15 color brown  /*area 0.534668*/
  7   18 -14 12 color brown  /*area 0.494134*/
  8   19 -16 14 color brown  /*area 0.510012*/
  9   20 -13 16 color brown  /*area 0.545075*/
 10   21 -11 13 color brown  /*area 0.482635*/
 11   22 -15 11 color brown  /*area 0.550192*/
 12   29 -24 27 color brown  /*area 0.532704*/
 13   30 -26 24 color brown  /*area 0.508614*/
 14   31 -25 26 color brown  /*area 0.490241*/
 15   32 -28 25 color brown  /*area 0.523293*/
 16   33 -23 28 color brown  /*area 0.494994*/
 17   34 -27 23 color brown  /*area 0.496612*/
 18   40 -38 37 color brown  /*area 0.48629*/
 19   41 -39 38 color brown  /*area 0.522642*/
 20   42 -35 39 color brown  /*area 0.501213*/
 21   43 35 -55 color brown  /*area 0.500252*/
 22   44 -37 36 color brown  /*area 0.524437*/
 23   50 -47 46 color brown  /*area 0.495534*/
 24   51 -45 47 color brown  /*area 0.493091*/
 25   52 -49 45 color brown  /*area 0.492079*/
 26   53 -48 49 color brown  /*area 0.502915*/
 27   54 -46 48 color brown  /*area 0.491368*/
 28   60 55 -175 color brown  /*area 0.495137*/
 29   61 -57 58 color brown  /*area 0.509178*/
 30   62 -59 57 color brown  /*area 0.50828*/
 31   63 -56 59 color brown  /*area 0.519412*/
 32   -43 56 -36 color brown  /*area 0.520438*/
 33   70 -69 67 color brown  /*area 0.489154*/
 34   71 -65 69 color brown  /*area 0.509545*/
 35   72 -66 65 color brown  /*area 0.518484*/
 36   73 -64 66 color brown  /*area 0.497566*/
 37   74 -68 64 color brown  /*area 0.521178*/
 38   75 -67 68 color brown  /*area 0.504704*/
 39   79 -76 -20 color brown  /*area 0.488223*/
 40   80 -77 76 color brown  /*area 0.510911*/
 41   81 -78 77 color brown  /*area 0.512315*/
 42   82 -21 78 color brown  /*area 0.517325*/
 43   89 -88 84 color brown  /*area 0.514314*/
 44   90 -85 88 color brown  /*area 0.503154*/
 45   -53 -86 85 color brown  /*area 0.51757*/
 46   91 -87 86 color brown  /*area 0.507302*/
 47   92 -83 87 color brown  /*area 0.513906*/
 48   93 -84 83 color brown  /*area 0.511367*/
 49   99 -96 95 color brown  /*area 0.483806*/
 50   100 -94 96 color brown  /*area 0.495297*/
 51   101 -98 94 color brown  /*area 0.490156*/
 52   102 -97 98 color brown  /*area 0.493988*/
 53   103 -95 97 color brown  /*area 0.501117*/
 54   110 -107 109 color brown  /*area 0.531823*/
 55   111 -106 107 color brown  /*area 0.511664*/
 56   112 -105 106 color brown  /*area 0.481045*/
 57   -10 -108 105 color brown  /*area 0.568991*/
 58   113 -104 108 color brown  /*area 0.482812*/
 59   114 -109 104 color brown  /*area 0.499436*/
 60   121 -115 118 color brown  /*area 0.49516*/
 61   122 -120 115 color brown  /*area 0.544419*/
 62   123 -116 120 color brown  /*area 0.488291*/
 63   124 -119 116 color brown  /*area 0.498559*/
 64   125 -117 119 color brown  /*area 0.513724*/
 65   126 -118 117 color brown  /*area 0.51366*/
 66   133 -127 130 color brown  /*area 0.514731*/
 67   134 -131 127 color brown  /*area 0.503037*/
 68   135 -129 131 color brown  /*area 0.521861*/
 69   136 -128 129 color brown  /*area 0.490197*/
 70   137 -132 128 color brown  /*area 0.516678*/
 71   138 -130 132 color brown  /*area 0.504595*/
 72   144 -142 141 color brown  /*area 0.534713*/
 73   145 -140 142 color brown  /*area 0.479461*/
 74   146 -143 140 color brown  /*area 0.580853*/
 75   147 -139 143 color brown  /*area 0.497945*/
 76   148 139 -495 color brown  /*area 0.500899*/
 77   155 -149 153 color brown  /*area 0.513885*/
 78   156 -151 149 color brown  /*area 0.507909*/
 79   157 -154 151 color brown  /*area 0.501897*/
 80   158 -150 154 color brown  /*area 0.503867*/
 81   159 -152 150 color brown  /*area 0.503627*/
 82   160 -153 152 color brown  /*area 0.516282*/
 83   166 -165 163 color brown  /*area 0.509144*/
 84   167 -164 165 color brown  /*area 0.503843*/
 85   168 -161 164 color brown  /*area 0.492221*/
 86   169 161 605 color brown  /*area 0.516623*/
 87   170 -163 162 color brown  /*area 0.49405*/
 88   172 -145 -6 color brown  /*area 0.534302*/
 89   173 -171 -144 color brown  /*area 0.504108*/
 90   174 -7 171 color brown  /*area 0.51805*/
 91   180 -179 175 color brown  /*area 0.492069*/
 92   181 -178 179 color brown  /*area 0.502238*/
 93   182 -176 178 color brown  /*area 0.500477*/
 94   183 -177 176 color brown  /*area 0.471806*/
 95   -60 177 -58 color brown  /*area 0.558636*/
 96   190 -186 188 color brown  /*area 0.520483*/
 97   191 -185 186 color brown  /*area 0.496777*/
 98   192 -187 185 color brown  /*area 0.507809*/
 99   193 -189 187 color brown  /*area 0.505544*/
100   194 -184 189 color brown  /*area 0.49229*/
101   195 -188 184 color brown  /*area 0.496771*/
102   -155 -197 199 color brown  /*area 0.50257*/
103   202 -200 197 color brown  /*area 0.522262*/
104   203 -196 200 color brown  /*area 0.489281*/
105   204 -201 196 color brown  /*area 0.498032*/
106   -63 -198 201 color brown  /*area 0.51026*/
107   205 -199 198 color brown  /*area 0.505171*/
108   212 -207 209 color brown  /*area 0.490352*/
109   213 -210 207 color brown  /*area 0.517725*/
110   214 -208 210 color brown  /*area 0.511253*/
111   215 -211 208 color brown  /*area 0.506387*/
112   216 -206 211 color brown  /*area 0.510473*/
113   217 -209 206 color brown  /*area 0.532624*/
114   224 -222 221 color brown  /*area 0.540709*/
115   225 -219 222 color brown  /*area 0.480433*/
116   226 -223 219 color brown  /*area 0.493907*/
117   227 -220 223 color brown  /*area 0.530835*/
118   228 -218 220 color brown  /*area 0.500275*/
119   229 -221 218 color brown  /*area 0.487949*/
120   236 -231 233 color brown  /*area 0.48531*/
121   237 -235 231 color brown  /*area 0.497024*/
122   238 -232 235 color brown  /*area 0.508872*/
123   239 -230 232 color brown  /*area 0.502084*/
124   240 -234 230 color brown  /*area 0.479218*/
125   241 -233 234 color brown  /*area 0.544719*/
126   -238 -245 244 color brown  /*area 0.604545*/
127   246 -242 245 color brown  /*area 0.488601*/
128   247 -17 242 color brown  /*area 0.480252*/
129   248 -243 -22 color brown  /*area 0.487379*/
130   249 -244 243 color brown  /*area 0.481772*/
131   256 -251 255 color brown  /*area 0.513971*/
132   257 -253 251 color brown  /*area 0.52456*/
133   258 -252 253 color brown  /*area 0.514056*/
134   259 -254 252 color brown  /*area 0.51022*/
135   260 -250 254 color brown  /*area 0.535057*/
136   261 -255 250 color brown  /*area 0.507928*/
137   265 -229 264 color brown  /*area 0.527818*/
138   266 -263 -228 color brown  /*area 0.526841*/
139   267 -262 263 color brown  /*area 0.491382*/
140   268 -264 262 color brown  /*area 0.496687*/
141   -256 -271 273 color brown  /*area 0.501033*/
142   275 -270 271 color brown  /*area 0.507725*/
143   276 -274 270 color brown  /*area 0.509438*/
144   277 -269 274 color brown  /*area 0.516959*/
145   278 -272 269 color brown  /*area 0.495941*/
146   279 -273 272 color brown  /*area 0.52721*/
147   282 -280 281 color brown  /*area 0.503026*/
148   283 -224 280 color brown  /*area 0.536124*/
149   284 -281 -265 color brown  /*area 0.528414*/
150   285 -44 -204 color brown  /*area 0.509749*/
151   292 -291 288 color brown  /*area 0.508683*/
152   293 -289 291 color brown  /*area 0.51508*/
153   294 -286 289 color brown  /*area 0.49956*/
154   295 -290 286 color brown  /*area 0.525332*/
155   296 -287 290 color brown  /*area 0.500631*/
156   297 -288 287 color brown  /*area 0.515948*/
157   304 -301 303 color brown  /*area 0.496996*/
158   305 -298 301 color brown  /*area 0.524228*/
159   306 -302 298 color brown  /*area 0.503355*/
160   307 -300 302 color brown  /*area 0.519066*/
161   308 -299 300 color brown  /*area 0.508943*/
162   309 -303 299 color brown  /*area 0.515325*/
163   316 -313 310 color brown  /*area 0.506502*/
164   -306 -315 313 color brown  /*area 0.51542*/
165   317 -311 315 color brown  /*area 0.508837*/
166   318 -312 311 color brown  /*area 0.512868*/
167   319 -314 312 color brown  /*area 0.509912*/
168   320 -310 314 color brown  /*area 0.515564*/
169   327 -322 326 color brown  /*area 0.505852*/
170   328 -324 322 color brown  /*area 0.495279*/
171   329 -325 324 color brown  /*area 0.52678*/
172   330 -321 325 color brown  /*area 0.502454*/
173   331 -323 321 color brown  /*area 0.511969*/
174   332 -326 323 color brown  /*area 0.518838*/
175   339 -334 333 color brown  /*area 0.504869*/
176   340 -338 334 color brown  /*area 0.520758*/
177   341 -335 338 color brown  /*area 0.505331*/
178   -102 -336 335 color brown  /*area 0.51509*/
179   342 -337 336 color brown  /*area 0.505364*/
180   343 -333 337 color brown  /*area 0.517943*/
181   345 -344 -9 color brown  /*area 0.545369*/
182   346 -113 344 color brown  /*area 0.528477*/
183   350 -347 -295 color brown  /*area 0.499938*/
184   351 -349 347 color brown  /*area 0.517705*/
185   352 -348 349 color brown  /*area 0.507123*/
186   353 -296 348 color brown  /*area 0.520948*/
187   356 -354 -268 color brown  /*area 0.521417*/
188   357 -355 354 color brown  /*area 0.522368*/
189   358 -284 355 color brown  /*area 0.503894*/
190   361 -360 -157 color brown  /*area 0.508107*/
191   362 -359 360 color brown  /*area 0.508157*/
192   363 -158 359 color brown  /*area 0.521522*/
193   364 -75 -137 color brown  /*area 0.522803*/
194   365 -138 -74 color brown  /*area 0.506288*/
195   369 -367 -54 color brown  /*area 0.515344*/
196   370 -368 367 color brown  /*area 0.5163*/
197   371 -366 368 color brown  /*area 0.479077*/
198   372 -50 366 color brown  /*area 0.565797*/
199   376 -375 -212 color brown  /*area 0.545532*/
200   377 -373 375 color brown  /*area 0.490764*/
201   378 -374 373 color brown  /*area 0.501664*/
202   379 -213 374 color brown  /*area 0.516436*/
203   382 -381 -237 color brown  /*area 0.489847*/
204   383 -380 381 color brown  /*area 0.567449*/
205   384 -246 380 color brown  /*area 0.490607*/
206   388 -385 -376 color brown  /*area 0.513282*/
207   389 -386 385 color brown  /*area 0.492682*/
208   390 -387 386 color brown  /*area 0.53376*/
209   391 -377 387 color brown  /*area 0.550097*/
210   395 -394 -332 color brown  /*area 0.520637*/
211   396 -393 394 color brown  /*area 0.501019*/
212   -51 -392 393 color brown  /*area 0.534481*/
213   397 -327 392 color brown  /*area 0.52753*/
214   400 -398 -391 color brown  /*area 0.490108*/
215   401 -399 398 color brown  /*area 0.491682*/
216   402 -378 399 color brown  /*area 0.52016*/
217   406 -19 404 color brown  /*area 0.524661*/
218   407 -405 -18 color brown  /*area 0.519751*/
219   408 -403 405 color brown  /*area 0.500834*/
220   409 -404 403 color brown  /*area 0.488438*/
221   413 -410 -100 color brown  /*area 0.57129*/
222   414 -411 410 color brown  /*area 0.481292*/
223   -297 -412 411 color brown  /*area 0.50748*/
224   415 -101 412 color brown  /*area 0.519082*/
225   418 -417 -358 color brown  /*area 0.507016*/
226   419 -416 417 color brown  /*area 0.519457*/
227   420 -282 416 color brown  /*area 0.493088*/
228   422 -421 -372 color brown  /*area 0.485972*/
229   423 -397 421 color brown  /*area 0.500488*/
230   430 -425 428 color brown  /*area 0.515904*/
231   431 -427 425 color brown  /*area 0.508926*/
232   -401 -426 427 color brown  /*area 0.500511*/
233   432 -429 426 color brown  /*area 0.493847*/
234   433 -424 429 color brown  /*area 0.52067*/
235   434 -428 424 color brown  /*area 0.493134*/
236   441 -435 438 color brown  /*area 0.503562*/
237   442 -439 435 color brown  /*area 0.512307*/
238   443 -437 439 color brown  /*area 0.537352*/
239   444 -436 437 color brown  /*area 0.490014*/
240   445 -440 436 color brown  /*area 0.518612*/
241   446 -438 440 color brown  /*area 0.520923*/
242   449 -448 -123 color brown  /*area 0.505844*/
243   450 -447 448 color brown  /*area 0.470934*/
244   451 -124 447 color brown  /*area 0.500432*/
245   455 -390 452 color brown  /*area 0.488337*/
246   456 -454 -389 color brown  /*area 0.534057*/
247   457 -453 454 color brown  /*area 0.498844*/
248   458 -452 453 color brown  /*area 0.528339*/
249   -111 -463 462 color brown  /*area 0.508886*/
250   465 -459 463 color brown  /*area 0.509807*/
251   -241 -460 459 color brown  /*area 0.494674*/
252   466 -464 460 color brown  /*area 0.522261*/
253   467 -461 464 color brown  /*area 0.489128*/
254   468 -462 461 color brown  /*area 0.497442*/
255   475 -473 472 color brown  /*area 0.518619*/
256   476 -470 473 color brown  /*area 0.504541*/
257   -126 -474 470 color brown  /*area 0.514774*/
258   477 -471 474 color brown  /*area 0.512138*/
259   478 -469 471 color brown  /*area 0.512107*/
260   479 -472 469 color brown  /*area 0.508783*/
261   483 -480 -72 color brown  /*area 0.492601*/
262   484 -481 480 color brown  /*area 0.531219*/
263   -446 -482 481 color brown  /*area 0.491775*/
264   485 -73 482 color brown  /*area 0.527648*/
265   489 -486 487 color brown  /*area 0.506373*/
266   490 -92 486 color brown  /*area 0.512827*/
267   491 -488 -91 color brown  /*area 0.50537*/
268   492 -487 488 color brown  /*area 0.520223*/
269   498 -493 494 color brown  /*area 0.500129*/
270   -148 493 -141 color brown  /*area 0.512221*/
271   499 -496 495 color brown  /*area 0.487407*/
272   500 -497 496 color brown  /*area 0.514445*/
273   501 -494 497 color brown  /*area 0.499915*/
274   505 -504 -99 color brown  /*area 0.546747*/
275   506 -503 504 color brown  /*area 0.527237*/
276   -285 -502 503 color brown  /*area 0.484052*/
277   -203 -413 502 color brown  /*area 0.506392*/
278   510 -507 -407 color brown  /*area 0.513185*/
279   -258 -508 507 color brown  /*area 0.49631*/
280   511 -509 508 color brown  /*area 0.531574*/
281   512 -408 509 color brown  /*area 0.489509*/
282   519 -513 516 color brown  /*area 0.507362*/
283   -331 -515 513 color brown  /*area 0.516863*/
284   520 -518 515 color brown  /*area 0.518*/
285   521 -514 518 color brown  /*area 0.504158*/
286   522 -517 514 color brown  /*area 0.498736*/
287   523 -516 517 color brown  /*area 0.525893*/
288   -342 -415 -353 color brown  /*area 0.503531*/
289   530 -528 526 color brown  /*area 0.513553*/
290   531 -525 528 color brown  /*area 0.512401*/
291   -351 -527 525 color brown  /*area 0.50626*/
292   532 -529 527 color brown  /*area 0.509224*/
293   -501 -524 529 color brown  /*area 0.517332*/
294   533 -526 524 color brown  /*area 0.508416*/
295   537 -535 -133 color brown  /*area 0.505357*/
296   538 -534 535 color brown  /*area 0.518719*/
297   539 -536 534 color brown  /*area 0.499946*/
298   540 -134 536 color brown  /*area 0.519602*/
299   -170 -542 -136 color brown  /*area 0.53986*/
300   -226 -541 542 color brown  /*area 0.498453*/
301   543 -364 541 color brown  /*area 0.483512*/
302   545 -544 -240 color brown  /*area 0.535286*/
303   546 -466 544 color brown  /*area 0.495474*/
304   -346 -550 548 color brown  /*area 0.499155*/
305   552 -547 550 color brown  /*area 0.492276*/
306   553 -551 547 color brown  /*area 0.489511*/
307   554 -549 551 color brown  /*area 0.497373*/
308   555 -548 549 color brown  /*area 0.491095*/
309   562 -559 560 color brown  /*area 0.5275*/
310   -442 -557 559 color brown  /*area 0.494747*/
311   563 -558 557 color brown  /*area 0.51552*/
312   -457 -561 558 color brown  /*area 0.512573*/
313   564 -556 561 color brown  /*area 0.509491*/
314   565 -560 556 color brown  /*area 0.493566*/
315   568 -505 567 color brown  /*area 0.485335*/
316   569 -566 -103 color brown  /*area 0.519497*/
317   570 -567 566 color brown  /*area 0.513364*/
318   571 -543 -225 color brown  /*area 0.505823*/
319   -383 -572 -260 color brown  /*area 0.485266*/
320   575 -574 572 color brown  /*area 0.501154*/
321   576 -573 574 color brown  /*area 0.527694*/
322   577 -261 573 color brown  /*area 0.4998*/
323   579 -578 -236 color brown  /*area 0.505203*/
324   580 -382 578 color brown  /*area 0.492128*/
325   584 -581 582 color brown  /*area 0.489959*/
326   -451 -182 581 color brown  /*area 0.548473*/
327   -214 -583 -181 color brown  /*area 0.507951*/
328   585 -582 583 color brown  /*area 0.527925*/
329   592 -586 590 color brown  /*area 0.478019*/
330   -239 -591 586 color brown  /*area 0.573358*/
331   -249 -587 591 color brown  /*area 0.48751*/
332   593 -588 587 color brown  /*area 0.488536*/
333   594 -589 588 color brown  /*area 0.519666*/
334   595 -590 589 color brown  /*area 0.521281*/
335   597 -596 -532 color brown  /*area 0.507539*/
336   598 -498 596 color brown  /*area 0.525322*/
337   -248 -601 -593 color brown  /*area 0.499801*/
338   -82 -599 601 color brown  /*area 0.5183*/
339   602 -600 599 color brown  /*area 0.507126*/
340   603 -594 600 color brown  /*area 0.508588*/
341   -406 -604 606 color brown  /*area 0.502578*/
342   608 -607 604 color brown  /*area 0.505149*/
343   -266 -605 607 color brown  /*area 0.526484*/
344   -169 -227 -162 color brown  /*area 0.518751*/
345   -79 -606 -168 color brown  /*area 0.53247*/
346   -341 -611 -569 color brown  /*area 0.50055*/
347   612 -610 611 color brown  /*area 0.526506*/
348   613 -609 610 color brown  /*area 0.479651*/
349   614 -570 609 color brown  /*area 0.514711*/
350   616 -615 -217 color brown  /*area 0.504826*/
351   617 -388 615 color brown  /*area 0.511377*/
352   618 -316 -489 color brown  /*area 0.51988*/
353   619 -490 -320 color brown  /*area 0.511499*/
354   -584 -620 -125 color brown  /*area 0.523523*/
355   621 -477 620 color brown  /*area 0.505418*/
356   625 -624 -564 color brown  /*area 0.525733*/
357   626 -622 624 color brown  /*area 0.50042*/
358   627 -623 622 color brown  /*area 0.486336*/
359   628 -565 623 color brown  /*area 0.530963*/
360   630 -629 -365 color brown  /*area 0.519789*/
361   631 -537 629 color brown  /*area 0.500881*/
362   635 -634 -499 color brown  /*area 0.511792*/
363   636 -632 634 color brown  /*area 0.513672*/
364   637 -633 632 color brown  /*area 0.508861*/
365   638 -500 633 color brown  /*area 0.504488*/
366   642 -640 -483 color brown  /*area 0.509152*/
367   643 -641 640 color brown  /*area 0.51085*/
368   644 -639 641 color brown  /*area 0.510495*/
369   645 -484 639 color brown  /*area 0.488988*/
370   -468 -646 647 color brown  /*area 0.49768*/
371   648 -146 646 color brown  /*area 0.483932*/
372   -112 -647 -172 color brown  /*area 0.516474*/
373   -553 -653 649 color brown  /*area 0.536636*/
374   655 -652 653 color brown  /*area 0.505644*/
375   656 -651 652 color brown  /*area 0.519947*/
376   657 -650 651 color brown  /*area 0.521888*/
377   -276 -654 650 color brown  /*area 0.517234*/
378   658 -649 654 color brown  /*area 0.509216*/
379   660 -659 -279 color brown  /*area 0.50185*/
380   661 -257 659 color brown  /*area 0.500624*/
381   664 -662 -546 color brown  /*area 0.495651*/
382   665 -663 662 color brown  /*area 0.546391*/
383   -648 -467 663 color brown  /*area 0.492549*/
384   666 -635 -147 color brown  /*area 0.478527*/
385   668 -667 -658 color brown  /*area 0.503157*/
386   669 -554 667 color brown  /*area 0.524716*/
387   675 -674 673 color brown  /*area 0.497447*/
388   676 -670 674 color brown  /*area 0.504773*/
389   677 -672 670 color brown  /*area 0.485063*/
390   -283 -671 672 color brown  /*area 0.499905*/
391   678 -673 671 color brown  /*area 0.48784*/
392   682 -679 681 color brown  /*area 0.553776*/
393   683 -657 679 color brown  /*area 0.492689*/
394   684 -680 -656 color brown  /*area 0.487235*/
395   685 -681 680 color brown  /*area 0.493247*/
396   -277 -683 -192 color brown  /*area 0.517244*/
397   686 -193 -682 color brown  /*area 0.507828*/
398   687 -343 -352 color brown  /*area 0.508723*/
399   -668 -275 -577 color brown  /*area 0.516638*/
400   691 -688 689 color brown  /*area 0.477936*/
401   692 -690 688 color brown  /*area 0.583669*/
402   -455 -643 690 color brown  /*area 0.504324*/
403   693 -689 -642 color brown  /*area 0.536148*/
404   694 -666 -665 color brown  /*area 0.53626*/
405   698 -697 695 color brown  /*area 0.488376*/
406   699 -8 697 color brown  /*area 0.583842*/
407   700 -696 -174 color brown  /*area 0.510515*/
408   701 -695 696 color brown  /*area 0.499479*/
409   703 -702 -619 color brown  /*area 0.513809*/
410   -530 -93 702 color brown  /*area 0.512216*/
411   -450 -705 -183 color brown  /*area 0.576896*/
412   706 -704 705 color brown  /*area 0.502417*/
413   -31 -61 704 color brown  /*area 0.500849*/
414   -89 -533 -638 color brown  /*area 0.512549*/
415   709 -707 -686 color brown  /*area 0.488919*/
416   710 -708 707 color brown  /*area 0.534984*/
417   711 -194 708 color brown  /*area 0.49723*/
418   718 -717 713 color brown  /*area 0.50985*/
419   719 -712 717 color brown  /*area 0.51681*/
420   720 -714 712 color brown  /*area 0.512889*/
421   721 -716 714 color brown  /*area 0.503545*/
422   722 -715 716 color brown  /*area 0.515842*/
423   -540 -713 715 color brown  /*area 0.504494*/
424   725 -724 -701 color brown  /*area 0.513159*/
425   726 -723 724 color brown  /*area 0.512906*/
426   -363 -698 723 color brown  /*area 0.494209*/
427   727 -330 -718 color brown  /*area 0.521429*/
428   728 -719 -329 color brown  /*area 0.509144*/
429   731 -729 730 color brown  /*area 0.492418*/
430   732 729 -33 color brown  /*area 0.50441*/
431   733 -730 -684 color brown  /*area 0.512608*/
432   734 -40 -506 color brown  /*area 0.501736*/
433   -676 -693 -71 color brown  /*area 0.510443*/
434   -617 -736 735 color brown  /*area 0.511313*/
435   738 -737 736 color brown  /*area 0.506354*/
436   739 -626 737 color brown  /*area 0.485965*/
437   -456 -735 -625 color brown  /*area 0.490789*/
438   743 -603 741 color brown  /*area 0.504916*/
439   744 -740 -602 color brown  /*area 0.509806*/
440   -728 -742 740 color brown  /*area 0.522492*/
441   745 -741 742 color brown  /*area 0.498339*/
442   746 -491 -52 color brown  /*area 0.526081*/
443   753 -752 749 color brown  /*area 0.51817*/
444   -190 -747 752 color brown  /*area 0.506327*/
445   754 -751 747 color brown  /*area 0.502049*/
446   755 -750 751 color brown  /*area 0.523437*/
447   756 -748 750 color brown  /*area 0.498077*/
448   757 -749 748 color brown  /*area 0.506232*/
449   -70 -571 -677 color brown  /*area 0.56589*/
450   759 -758 -409 color brown  /*area 0.493445*/
451   760 -608 758 color brown  /*area 0.532003*/
452   -215 -180 -42 color brown  /*area 0.516473*/
453   763 -762 761 color brown  /*area 0.53579*/
454   764 -422 762 color brown  /*area 0.490496*/
455   765 -761 -371 color brown  /*area 0.504858*/
456   -722 -166 -135 color brown  /*area 0.505988*/
457   769 -766 767 color brown  /*area 0.514247*/
458   -357 -768 766 color brown  /*area 0.501742*/
459   770 -756 768 color brown  /*area 0.521879*/
460   771 -767 -755 color brown  /*area 0.507376*/
461   -562 -774 773 color brown  /*area 0.541746*/
462   775 -304 774 color brown  /*area 0.495826*/
463   776 -772 -309 color brown  /*area 0.507361*/
464   -443 -773 772 color brown  /*area 0.491508*/
465   -754 -779 778 color brown  /*area 0.521582*/
466   -195 -777 779 color brown  /*area 0.496549*/
467   -711 -122 777 color brown  /*area 0.489548*/
468   780 -778 -121 color brown  /*area 0.510579*/
469   -62 -30 783 color brown  /*area 0.514543*/
470   784 -782 -29 color brown  /*area 0.498289*/
471   -156 -781 782 color brown  /*area 0.50907*/
472   -205 -783 781 color brown  /*area 0.512756*/
473   786 -734 785 color brown  /*area 0.52027*/
474   787 -785 -568 color brown  /*area 0.533502*/
475   -362 -792 789 color brown  /*area 0.534294*/
476   793 -788 792 color brown  /*area 0.503989*/
477   794 -790 788 color brown  /*area 0.486397*/
478   -345 -791 790 color brown  /*area 0.519539*/
479   -699 -789 791 color brown  /*area 0.467071*/
480   798 -795 797 color brown  /*area 0.487187*/
481   799 -796 795 color brown  /*area 0.584948*/
482   -759 -512 796 color brown  /*area 0.488616*/
483   -661 -797 -511 color brown  /*area 0.532545*/
484   806 -802 805 color brown  /*area 0.50824*/
485   807 -803 802 color brown  /*area 0.519201*/
486   808 -804 803 color brown  /*area 0.504253*/
487   -444 -801 804 color brown  /*area 0.518428*/
488   -776 -800 801 color brown  /*area 0.512136*/
489   809 -805 800 color brown  /*area 0.512606*/
490   -191 -811 -278 color brown  /*area 0.531471*/
491   -753 -810 811 color brown  /*area 0.498699*/
492   812 -660 810 color brown  /*area 0.528355*/
493   -727 -539 -520 color brown  /*area 0.501944*/
494   813 -521 -538 color brown  /*area 0.484757*/
495   -614 -816 815 color brown  /*area 0.531737*/
496   817 -739 816 color brown  /*area 0.495352*/
497   818 -814 -738 color brown  /*area 0.5138*/
498   -787 -815 814 color brown  /*area 0.488697*/
499   820 -819 -813 color brown  /*area 0.508402*/
500   -807 -522 819 color brown  /*area 0.487321*/
501   821 -160 -292 color brown  /*area 0.497307*/
502   -726 -293 -159 color brown  /*area 0.496026*/
503   824 -765 823 color brown  /*area 0.514298*/
504   -636 -822 -370 color brown  /*area 0.511734*/
505   -694 -823 822 color brown  /*area 0.490442*/
506   -675 -433 -691 color brown  /*area 0.523313*/
507   -400 -692 -432 color brown  /*area 0.483725*/
508   -80 -167 -721 color brown  /*area 0.514305*/
509   825 -449 -710 color brown  /*area 0.531412*/
510   827 -826 -808 color brown  /*area 0.50824*/
511   828 -445 826 color brown  /*area 0.51263*/
512   830 -829 -757 color brown  /*area 0.524069*/
513   -798 -812 829 color brown  /*area 0.493939*/
514   -369 -90 -637 color brown  /*area 0.514731*/
515   831 -746 -396 color brown  /*area 0.499897*/
516   -202 -821 -414 color brown  /*area 0.531454*/
517   -478 -832 -431 color brown  /*area 0.51116*/
518   833 -402 832 color brown  /*area 0.503165*/
519   836 -834 835 color brown  /*area 0.492169*/
520   837 -305 834 color brown  /*area 0.491863*/
521   -628 -835 -775 color brown  /*area 0.551898*/
522   841 -838 839 color brown  /*area 0.499664*/
523   -836 -840 838 color brown  /*area 0.488715*/
524   842 -613 840 color brown  /*area 0.561709*/
525   843 -839 -612 color brown  /*area 0.512618*/
526   847 -845 -793 color brown  /*area 0.522032*/
527   -733 -846 845 color brown  /*area 0.517955*/
528   -655 -844 846 color brown  /*area 0.474492*/
529   -552 -794 844 color brown  /*area 0.576401*/
530   -479 -430 -419 color brown  /*area 0.511313*/
531   -678 -420 -434 color brown  /*area 0.539295*/
532   -597 -350 848 color brown  /*area 0.520357*/
533   -725 -849 -294 color brown  /*area 0.50997*/
534   850 -848 849 color brown  /*area 0.517847*/
535   851 -833 -621 color brown  /*area 0.52041*/
536   852 -818 -616 color brown  /*area 0.526787*/
537   855 -854 -492 color brown  /*area 0.503633*/
538   856 -853 854 color brown  /*area 0.523839*/
539   -307 -618 853 color brown  /*area 0.501336*/
540   -555 -857 -114 color brown  /*area 0.52282*/
541   860 -859 857 color brown  /*area 0.510674*/
542   861 -858 859 color brown  /*area 0.520991*/
543   862 -110 858 color brown  /*area 0.492493*/
544   863 -545 -592 color brown  /*area 0.507019*/
545   -664 -864 -824 color brown  /*area 0.53923*/
546   -863 -865 864 color brown  /*area 0.507353*/
547   866 -763 865 color brown  /*area 0.518355*/
548   -860 -669 -576 color brown  /*area 0.494252*/
549   -595 -868 -866 color brown  /*area 0.493486*/
550   -743 -867 868 color brown  /*area 0.535073*/
551   869 -764 867 color brown  /*area 0.494504*/
552   871 -870 -856 color brown  /*area 0.499696*/
553   -809 -308 870 color brown  /*area 0.514127*/
554   -862 -579 -465 color brown  /*area 0.52321*/
555   -828 -630 -485 color brown  /*area 0.500934*/
556   872 -850 -700 color brown  /*area 0.507492*/
557   873 -267 -760 color brown  /*area 0.533773*/
558   -585 -379 -851 color brown  /*area 0.502867*/
559   -732 874 -685 color brown  /*area 0.537058*/
560   875 -34 -731 color brown  /*area 0.508661*/
561   -820 -631 -827 color brown  /*area 0.517498*/
562   -259 -876 -384 color brown  /*area 0.49495*/
563   -510 -247 876 color brown  /*area 0.511852*/
564   877 -523 -806 color brown  /*area 0.494902*/
565   -563 -879 878 color brown  /*area 0.499369*/
566   -441 -645 879 color brown  /*area 0.503303*/
567   -458 -878 -644 color brown  /*area 0.488202*/
568   -872 -173 -598 color brown  /*area 0.500384*/
569   -475 -418 -769 color brown  /*area 0.50973*/
570   -317 -837 -841 color brown  /*area 0.50707*/
571   -784 -880 -361 color brown  /*area 0.539418*/
572   -875 -847 880 color brown  /*area 0.510973*/
573   882 -881 -873 color brown  /*area 0.475316*/
574   883 -356 881 color brown  /*area 0.498315*/
575   -476 -771 -780 color brown  /*area 0.516778*/
576   -32 -706 884 color brown  /*area 0.503446*/
577   885 -884 -825 color brown  /*area 0.517943*/
578   -852 -886 -786 color brown  /*area 0.50117*/
579   -216 -41 886 color brown  /*area 0.504888*/
580   887 -319 -339 color brown  /*area 0.516393*/
581   -843 -340 -318 color brown  /*area 0.504082*/
582   -831 -888 -855 color brown  /*area 0.523158*/
583   890 -889 888 color brown  /*area 0.500797*/
584   -877 -871 889 color brown  /*area 0.528165*/
585   -842 -627 -817 color brown  /*area 0.495329*/
586   -531 -891 -687 color brown  /*area 0.513244*/
587   -703 -887 891 color brown  /*area 0.510696*/
588   -874 -885 -709 color brown  /*area 0.51525*/
589   892 -882 -799 color brown  /*area 0.490968*/
590   893 -770 -883 color brown  /*area 0.509931*/
591   894 -745 -328 color brown  /*area 0.537322*/
592   -744 -81 -720 color brown  /*area 0.517255*/
593   -830 -893 -892 color brown  /*area 0.477729*/
594   -861 -575 -580 color brown  /*area 0.511403*/
595   -395 -519 -890 color brown  /*area 0.510018*/
596   -894 -423 -869 color brown  /*area 0.486742*/

bodies  /* facets */

read
//Procedures and functions forward declarations:
//Procedures without arguments:
metric_conversion off
autorecalc on
gv_binary off


