 //           1           8
vertices
    1             1.987446263664730             7.583759006951375           -12.741802233640767
    2            -3.609082144468316             5.689082608463779           -13.178943461286536
    3             3.153818590794450             4.030329278404332           -14.754043718864482
    4             3.468667332804702             2.019912950543057           -12.876387440750364
    5            -0.704598906419866             6.161145944968237            -8.722522042657417
    6             3.427092282120215             2.566381705871888           -13.805796162962324
    7            -2.759777810366909             1.177240871198910           -11.282131203996531
    8            -3.894418371002987             5.273669211143378           -12.424928227928328
    9             0.769448018677996             5.777201865483947            -8.530393895699117
   10             3.680060964001445             3.229266850312732           -10.609139754500820
   11             0.790019100535601             7.901203928541142           -13.319741042170643
   12             0.835227625485793             1.952780941207844           -15.557010230229602
   13            -3.675384598382457             2.717506894985085           -10.998959343964064
   14             1.435464900923310             7.737801546671586           -11.103008928191592
   15             3.864184067617070             5.128121568302614           -12.936049851780680
   16            -4.044085580886622             3.576156337482726           -12.448482540260642
   17             1.847362036997484             7.700976426323070           -11.881049078186306
   18             2.657931897985685             1.760533152854915           -14.244331174744573
   19             0.209772158939810             4.038396192426332           -16.238347134984881
   20             4.018853253996336             3.651575231949840           -12.750044337990651
   21             2.134769255179290             0.668666943946640           -12.939441132381040
   22            -3.437945770163929             2.209001463657163           -13.351428965422233
   23            -1.859876919121235             7.655771326177391           -12.738049233764581
   24            -3.134067065833396             6.474979472219466           -13.184645151797643
   25            -1.810313419101110             6.191081574893268           -15.139181573362384
   26            -3.251013300723754             2.498176415390303           -14.078331103038979
   27            -0.556604986214843             5.539986498373355           -15.926684149404082
   28            -2.865265368580455             1.689972847120158           -13.845349424836231
   29             3.776291453720065             2.782549548464801           -13.045626357459987
   30             3.735161201851517             5.354534454501999           -11.128663184713657
   31             0.303823773644728             2.652956743253995            -8.336806949370681
   32             1.542527581160673             3.626838243795405            -8.402186813932808
   33            -2.717836941045400             5.158194853593686            -9.312507260193467
   34             3.002113679874429             3.860433454971922            -9.389774829331396
   35             1.638480472361206             7.546467011104234           -13.524294330964743
   36             3.379657059601214             5.383904728906513           -10.277571092744862
   37            -2.604872924356221             2.061689044524360           -14.597519551700529
   38             3.460650605870091             5.811308466099804           -13.455555590066307
   39            -3.298224933689497             1.884172296703408           -11.148975247267332
   40            -0.604459983075179             6.818816730226931            -9.196838081438528
   41             1.336816836782385             0.289932267300038           -13.002930294409319
   42            -2.272042840384465             7.154049109500853           -13.571635814335528
   43             0.770867848357542             0.055451402772349           -12.221621964559924
   44            -1.857960058648881             5.502370966549980            -8.819655956891856
   45             0.514124917442056             0.103559592476450           -13.012399994760228
   46            -3.553254207426011             5.116157385354545           -13.885883663365131
   47             3.912476547053046             3.889094911985114           -11.008487721293267
   48            -2.082981249842393             1.393714557586447           -14.447777619960510
   49            -1.479865199143955             6.250909333977824            -9.046320378812215
   50            -0.894830451598504             0.341481262547884           -13.571009127835856
   51            -1.086453352597899             1.175473656102095            -9.481775298071952
   52             1.647239422900608             2.260501923078613           -15.434153130207138
   53             0.388496176049515             0.067946280309923           -11.414461054180805
   54            -0.443740041167219             8.121709444244106           -12.335771926692152
   55            -0.344957981829441             1.150106865735906           -15.000932802709125
   56            -2.137889846703767             0.906994393101948           -10.700479996827079
   57             0.480284861893679             4.980364983097576            -8.207600448094784
   58             1.700178299762149             7.210984702141425           -10.195716600001308
   59             3.828892914193877             2.870517060373373           -11.364190110458617
   60            -2.976975123238973             5.374707746380980           -14.636991534703938
   61            -2.443284241495044             3.962907181381921            -8.885613954467868
   62             3.723669496296239             4.655092905956777           -10.593862283770680
   63             2.303753081641928             6.033635343546672            -9.424723459277555
   64            -3.501780049414380             3.150360269729497           -10.262549236792418
   65            -3.692029399016227             2.354595384478432           -11.805501854650736
   66            -1.264794102203713             7.946334847893205           -12.057965259319230
   67             1.112662525688451             7.071304527940958           -14.693811631172284
   68             0.321525123821839             0.713463773317410            -9.852280030153407
   69             3.410267981761470             2.450571902992266           -10.596744478046679
   70            -3.494566693348236             1.992636400190326           -12.578271727584994
   71            -1.219422056726950             6.792577987733592           -14.943914531064873
   72            -1.568547184815992             7.585103632404206           -13.519802438435285
   73             1.950361649788451             1.259994659305070           -14.402014360703248
   74            -2.677383254386616             7.123730780064832           -11.777599322639704
   75             2.362419913215806             6.696585747309285           -10.115264515968406
   76            -3.254205650917542             6.460298390633765           -11.553199242014005
   77            -3.939636053955375             3.857864856476577           -13.217843362256296
   78             2.927406969649003             2.346645662524291            -9.882645064704191
   79             1.682116615623270             0.344174249188574           -12.226886034349491
   80             1.041230537905182             4.318412211710345            -8.217962497383411
   81             0.566720942211703             1.262756811507067           -15.082131594678133
   82             1.122783289804204             0.839482139489963            -9.928383199717095
   83            -3.209824137387995             2.263959191876010           -10.383859434887643
   84             3.937975173639526             2.982940699929561           -12.221647633144300
   85             1.436487795291252             1.520847708281167           -15.022641334482225
   86             0.987201132808809             7.146596125154841            -9.675783903926977
   87            -1.501179038563049             0.420009574784894           -11.091268794098458
   88             0.998488375482000             8.006107578856057           -11.746672213612060
   89             1.004883959469955             6.003294529844293           -15.615340601581083
   90            -1.460500022713050             5.576236744332101           -15.666833576418341
   91            -0.608863772652720             8.039623788740871           -11.428153787954907
   92             0.993320803578674             7.626490714087490           -10.430702387954607
   93             0.585528252492314             6.654877331873594           -15.270589414035694
   94            -2.385502862248638             0.836784547272762           -12.931316769322516
   95             1.345268963986479             5.216339895271733           -15.844565442019066
   96             0.791275682092468             4.675828378904689           -16.120219728742278
   97             3.242228920319663             4.670371094728516            -9.754330628223004
   98            -0.913111806822577             6.220258943624600           -15.511141795038844
   99            -1.172116707737519             0.165222033311628           -11.830719700449842
  100             0.387256271423612             7.941258002496989           -10.932148574211743
  101             2.640513738389533             7.166012113952041           -12.496319407214076
  102             1.355643914805407             5.135435291410714            -8.462046214131444
  103             2.935993470706564             2.521284430374024           -14.542096854492321
  104             1.705993063518487             6.633751259760230            -9.485310176567783
  105             1.153620070692829             3.902199721159826           -16.084433169193147
  106            -3.840748662935003             4.520608735920612           -10.849510678642227
  107             3.193202972236016             6.586607363491797           -12.550685160139517
  108            -3.390000487905531             4.886050414358017           -10.024230980120569
  109             2.143304590786902             5.028701404467865           -15.505397369807957
  110             3.250236475286500             3.141426910022926            -9.865678219530704
  111             3.651025125554133             2.241198596499028           -12.065824739559851
  112            -2.130579355616138             0.628731334356636           -11.590002422368034
  113             1.628051932220036             0.575930337652647           -10.794226805786083
  114            -3.257096474661581             6.089580076394771           -10.763235302591506
  115            -0.105846333478278             5.603988251994533            -8.381506374789504
  116            -1.075318171445881             3.218638331390855           -16.007368270884026
  117            -3.001138963605593             1.422682393592928           -13.003685201513836
  118            -3.678566841772162             4.175422842740905           -13.919119854848422
  119             3.099725150746846             1.819959688034285           -13.578992310270275
  120            -1.307275052510617             6.995076169795855            -9.637145228780046
  121            -3.957124857959328             3.174548960613485           -11.704094521481490
  122            -1.440934881186230             2.457297078291905           -15.639354282918919
  123            -3.757602085660678             3.042899721771728           -13.413509890869502
  124            -0.026024311865659             1.859372967656140            -8.720744811075825
  125             0.282731115644279             2.496872309701557           -15.920766645552671
  126             3.611332572288863             4.211444004939626           -14.083358861431190
  127             3.418492141489143             1.988255056191428           -11.317052002079180
  128             2.580247504390286             6.604483083816735           -14.052104742685358
  129            -2.708221954002186             4.644144653771411           -15.161538034248467
  130            -1.379886088507336             2.430753619652086            -8.681579598291144
  131            -1.063089631435365             4.830336084060783           -16.030563886908801
  132            -3.145590683262816             3.603057103245855            -9.588929190257923
  133             1.238191926567469             0.227864550304178           -11.491101528586690
  134            -3.884006334048803             4.773980063373189           -13.198946208581960
  135             2.412329743202892             1.062142742276715           -10.803341227712529
  136            -2.578998584397185             3.179861961086818            -9.115633353490757
  137             3.904894085297674             5.249617024225755           -12.046233016198686
  138            -0.561364125109891             7.394228725722278            -9.867480244207798
  139            -1.047861967071472             0.149553933202232           -12.643507780498357
  140            -4.051005402688532             4.065119446283656           -11.635868452982253
  141            -2.305299755809947             5.450452661741764           -15.239032034817727
  142             1.205526388713186             2.792047367299332           -15.859010033564168
  143            -1.685481944651957             1.751364076295276            -9.237373978222880
  144            -1.486935498580245             4.037393174945085           -15.970096167976836
  145             0.951324500179518             6.524751542136972            -9.039707032481406
  146            -1.056740100727378             5.471764746869628            -8.476287195129313
  147            -0.155444101766121            -0.014844092558151           -12.164824336350263
  148             3.999884638138715             4.590105638501974           -11.492982621919404
  149            -0.022633229657572             0.314926823767453           -13.777255247246448
  150             3.788362212555645             3.472386160544274           -13.577600205105952
  151             0.775999144006565             1.973467020331456            -8.740656387312969
  152             2.264044554266191             2.214440658012086            -9.310248427985620
  153            -0.252662921340872             3.223327316539076           -16.155016286967424
  154            -0.165910241740779             1.202228622871064            -9.251678200942198
  155             0.603998056923657             3.278843949330908           -16.123508189797647
  156             0.222827253135012             7.582912162409179           -10.094739453761450
  157             2.296731713373997             6.271519679504788           -14.720488515841396
  158             1.863335310898373             7.045819214928644           -14.237608466898429
  159            -1.516537036072417             0.789339478640863           -14.065393055202495
  160             3.318210200004626             6.087041651190115           -10.892939643706470
  161             0.262750355399527             0.715196488408157           -14.482082216965640
  162             2.111733444945005             0.626969271290030           -11.517814951381386
  163            -3.852718344670581             2.779973692607648           -12.607689161029626
  164             0.205849678202307             7.043250213445655            -9.377234102549384
  165            -3.573926949481490             6.045268807283932           -12.377019215935011
  166             0.124247010417243             4.182922316952047            -8.085482118574806
  167             0.128379193324840             7.721480628350381           -13.972382920095004
  168             3.039710607978600             6.519681281925370           -13.365026401740106
  169            -2.032182675541120             7.601383263195268           -11.933633213871046
  170             1.268057556854578             7.926432659165963           -12.597568446346811
  171            -1.291701060929772             7.510857578190956           -10.377767367233746
  172            -0.327524048711462             6.792002642177193           -15.182403700658609
  173            -2.042465764928671             7.086547812446000           -10.326063455320956
  174            -0.207203024144777             3.355156908612305            -8.146715406462837
  175            -1.016759913300814             7.947897208886198           -12.941578152020526
  176            -2.725527085442658             1.533257323599422           -10.480101657722534
  177             3.109016245386462             6.670189933325778           -11.690405347394917
  178            -3.498562374381894             3.374742208769567           -14.144882602661898
  179             0.841330761766455             0.415643722639062           -13.786718227926913
  180             0.837066508655279             0.368616773119371           -10.641970753040622
  181             2.731814850163313             4.614786013069661           -15.144268169627370
  182            -2.533333467012316             1.954484730996792            -9.746077835139429
  183            -1.897808663015477             4.841852981734755           -15.701206136529768
  184            -2.715908713025885             6.576870608201489           -13.900765596247425
  185            -0.300965537735287             0.070582377875588           -12.973866258909695
  186            -1.869961083873182             3.160022755113913            -8.637865117380141
  187            -0.806718850393842             0.348445274179241           -10.654407643538780
  188             2.137943368282146             7.308149585011690           -10.905611865417640
  189            -2.176471927390343             2.427531017632434            -9.119156583092474
  190            -1.779607381463949             1.850437002688756           -15.095194672824075
  191             0.147077609208011             6.370079474165905            -8.795488339586441
  192            -0.155500226578502             4.819651576119421           -16.171691149511599
  193             1.546895500032896             2.136707798449384            -8.902875128987466
  194            -3.286406264797082             4.598803539905703           -14.521902427471804
  195            -2.964148318781412             2.698101466482629            -9.700899853135383
  196             3.055835762951914             5.850651863019358           -14.204412440650575
  197             2.652536234245804             5.514341371824099           -14.909334740728868
  198             1.670482547216414             0.687597970730405           -13.739938727460316
  199             2.255047406788975             2.046393289594175           -14.905028267306353
  200             0.171892242873428             8.120181322133044           -11.696157079133249
  201            -2.956313220586641             2.899587330851238           -14.723774993652999
  202             3.608920865437177             5.059675307002202           -13.791318341685592
  203             2.410107045696607             7.134194423757664           -13.387871885775921
  204            -0.594198420877600             2.433466663341342           -15.859669205344318
  205             2.261902604942632             2.842138760429785           -15.336045817425079
  206             3.190823843537410             1.514828878051800           -12.182912314713660
  207             1.139332808309875             0.882221502876095           -14.468529965831115
  208             2.330928981635494             3.747402712693795            -8.822305772581732
  209            -0.790288462931052             4.050518938023853            -8.157045771982551
  210            -2.041001526374651             6.775818099898569           -14.444333540990725
  211             1.883539449096935             1.064375401164634           -10.136333219300084
  212            -3.192795202085529             5.888473465462900           -13.935472454894619
  213            -2.097847736110765             7.401371830319638           -11.096190991923066
  214             3.576597639319294             5.994951600283835           -11.739219868813340
  215             2.624750002207328             4.582109061267996            -9.076019417138699
  216             2.827180192084652             5.370213693645977            -9.509645677769811
  217             1.789415509946690             3.404928106933771           -15.770904195494056
  218             0.262312218971651             7.262498069887656           -14.688840511878491
  219            -3.122347201290792             3.842279564678636           -14.781838973439280
  220             0.026285133631333             0.293078919698662           -10.601295488656008
  221            -2.738791942131613             6.831135057940847           -10.917452669286877
  222             2.532861122354733             0.860319249659026           -12.195527547576665
  223            -2.251724512006238             2.570340466976222           -15.223833235235976
  224            -3.867491713058830             3.617562456983283           -10.911341705111674
  225            -0.648058355858236             0.670743854610884           -14.344787101212404
  226            -3.065853612319719             5.656455153527238            -9.989568825376779
  227            -0.477661502140031             0.074706909387340           -11.390602418392440
  228             2.851531923764750             3.258864366139307           -14.981654681423272
  229             2.906359911197061             6.068698454371237           -10.109580886590638
  230             2.892430667968346             1.264112117825197           -11.451116432516898
  231            -3.951408497654451             4.931458163700015           -11.611696578359020
  232            -2.591884204865040             3.418453188048183           -15.258891474927250
  233            -0.473780040250460             7.827795250797466           -10.638765169091313
  234            -1.866139913755975             3.241817126790974           -15.701897992431444
  235            -1.415487622783390             7.271266342861983           -14.254507525960575
  236             0.421105344717620             5.458031667395174           -15.979083162438540
  237             3.621717835302477             5.898444830143626           -12.611470666516674
  238            -4.063934693231968             4.434369781040302           -12.429631009639518
  239            -2.255106580445801             4.088108896959369           -15.565533500868591
  240            -2.560956273189978             7.188916144835728           -12.778986568973405
  241            -0.584212000145500             7.335309753424934           -14.532874773279643
  242             2.863532173567056             1.253368266442492           -12.930455229754777
  243            -3.220004853429430             1.545763639019104           -11.958823816704644
  244            -1.996652672412633             1.308424788498770            -9.906778800754930
  245            -0.928573662095009             1.743674935062648           -15.392872090375540
  246            -0.550172554841849             2.526680906854545            -8.416800638284920
  247             1.579200948723299             1.481679070265782            -9.421031813054869
  248            -2.540088174406612             6.093677152259285           -14.634806175780035
  249            -1.666742210223553             3.955086745905119            -8.436150924833075
  250            -2.012353332427911             6.582536972133139            -9.641538865266094
  251             1.582495971038143             5.928905256739502            -8.882553810112835
  252             4.066682604859467             4.434260486891773           -12.375102928604051
  253            -1.366634537674080             7.790001881614371           -11.171529109427521
  254             4.057548293307905             3.713542800066620           -11.810201735374337
  255            -0.517668967135981             0.699382313815933            -9.908901086819675
  256            -1.409960363841115             0.768242126750610           -10.196809170565977
  257            -3.101134759787672             6.718877606892177           -12.385816557547150
  258             3.532576306380614             3.955614185611526           -10.121081680747663
  259            -0.731720248360647             7.743593267070339           -13.781693446804768
  260            -1.849005805743001             0.423815323699780           -12.352581421232157
  261            -3.620541727437595             5.330630123855485           -10.748669645443963
  262            -0.847641579088498             1.763193338081610            -8.891129572850115
  263             2.507194794332635             7.249398981394560           -11.655459167872408
  264            -1.380303794330364             4.729096951151299            -8.367647641635809
  265             1.887253805831357             4.457094362893788            -8.556582333707224
  266             3.395218626062483             3.291833517649986           -14.293588022986777
  267             0.721221291624479             1.294652200378314            -9.244577211139406
  268             1.546065146070094             6.512655433921847           -15.049508067615761
  269            -2.380945327244082             5.896727408910645            -9.392138969772596
  270             2.409653108241699             1.644682420399441            -9.925792566137783
  271            -3.682708592365926             5.720157623913989           -11.551034073658119
  272            -2.181407044190308             4.732425466091328            -8.768281671915577
  273             1.783088020629900             4.366473097367326           -15.825616615308521
  274             0.988757201435286             7.552296174128861           -14.062309660315760
  275            -2.995207554434156             4.400463559658006            -9.404080141033763
  276            -0.126031586391502             8.014463011641153           -13.189370644431150
  277             3.219692255902815             4.976176018066759           -14.508520346327607
  278            -3.570308353500776             4.067239485505143           -10.172037524040153
  279            -0.461255459504913             4.846560092688405            -8.173673309949743
  280            -1.661367736409335             0.491573971385577           -13.239981284813645
  281            -0.050016291950429             1.762461391743477           -15.540336299138570
  282             2.663221939764692             3.013627125846633            -9.248168557244531
  283            -2.678545457723099             6.406881713846549           -10.161653410654644
  284            -1.067732038480352             3.236138664157660            -8.308232959162304
  285             2.953201724198895             1.704750894433301           -10.606130460766041
  286             1.143950296682241             2.803368966951106            -8.446254275833944
  287             0.016526036834408             6.147023625052700           -15.678983995619653
  288             2.418601146765182             1.132329821366402           -13.651765554715547
  289            -0.657604291282699             4.041268594992895           -16.195548347672752
  290             2.800689605595847             6.750652861184737           -10.863454092150247
  291            -1.239184086981908             1.188376615016886           -14.790556292598705
  292            -2.671191389600965             0.978234811363807           -12.183247016277260
  293             0.672945990002242             3.497611163868954            -8.173892217576704
  294             1.858212603921763             5.797666996192319           -15.357555106527165
  295             2.425529639796987             3.872602576895860           -15.442177010780402
  296             2.143007635985114             5.274977545906792            -8.902413431271967
  297             1.957324865513151             2.924731934484397            -8.763030188877057
  298             0.434966873467025             8.106822498565812           -12.526599230394075
  299            -2.300960319176797             1.067797034619299           -13.710744937599424
  300             3.914864856456458             4.340493615307726           -13.284885181125944
 
edges
      1      1    170   color     8
      2      1    101   color     8
      3      1     35   color     8
      4      1     17   color     8
      5      1    203   color     8
      6    170     17   color     8
      7     17    101   color     8
      8    101    203   color     8
      9    203     35   color     8
     10     35    170   color     8
     11      2    165   color     8
     12      2    212   color     8
     13      2      8   color     8
     14      2     46   color     8
     15      2     24   color     8
     16      2    134   color     8
     17     24    212   color     8
     18    212     46   color     8
     19     46    134   color     8
     20    134      8   color     8
     21      8    165   color     8
     22    165     24   color     8
     23      3    181   color     8
     24      3    126   color     8
     25      3    228   color     8
     26      3    266   color     8
     27      3    277   color     8
     28      3    295   color     8
     29    277    126   color     8
     30    126    266   color     8
     31    266    228   color     8
     32    228    295   color     8
     33    295    181   color     8
     34    181    277   color     8
     35      4    119   color     8
     36      4     29   color     8
     37      4    111   color     8
     38      4    206   color     8
     39      4    242   color     8
     40    111    206   color     8
     41    206    242   color     8
     42    242    119   color     8
     43      6      4   color     8
     44     29    111   color     8
     45      5    146   color     8
     46      5     40   color     8
     47      5     49   color     8
     48      5    191   color     8
     49      5    115   color     8
     50     40     49   color     8
     51     49    146   color     8
     52    146    115   color     8
     53    115    191   color     8
     54    191     40   color     8
     55      6    119   color     8
     56      6     29   color     8
     57      6    266   color     8
     58      6    103   color     8
     59      6    150   color     8
     60     18      6   color     8
     61    103    266   color     8
     62    266    150   color     8
     63    150     29   color     8
     64      7    176   color     8
     65      7    112   color     8
     66      7     56   color     8
     67      7    243   color     8
     68      7     39   color     8
     69      7    292   color     8
     70    243    292   color     8
     71    292    112   color     8
     72    112     56   color     8
     73     56    176   color     8
     74    176     39   color     8
     75     39    243   color     8
     76      8    238   color     8
     77      8    231   color     8
     78      8    271   color     8
     79    134    238   color     8
     80    238    231   color     8
     81    231    271   color     8
     82    271    165   color     8
     83      9    102   color     8
     84      9    251   color     8
     85      9    191   color     8
     86      9    115   color     8
     87      9     57   color     8
     88      9    145   color     8
     89    251    145   color     8
     90    145    191   color     8
     91    115     57   color     8
     92     57    102   color     8
     93    102    251   color     8
     94     10     47   color     8
     95     10     69   color     8
     96     10     59   color     8
     97     10    110   color     8
     98     10    258   color     8
     99     69     59   color     8
    100     59     47   color     8
    101     47    258   color     8
    102    258    110   color     8
    103    110     69   color     8
    104     11    274   color     8
    105     11    170   color     8
    106     11    298   color     8
    107     11    276   color     8
    108     11     35   color     8
    109     11    167   color     8
    110    167    276   color     8
    111    276    298   color     8
    112    298    170   color     8
    113     35    274   color     8
    114    274    167   color     8
    115     12    125   color     8
    116     12     52   color     8
    117     12     81   color     8
    118     12    281   color     8
    119     12     85   color     8
    120     12    142   color     8
    121    281    125   color     8
    122    125    142   color     8
    123    142     52   color     8
    124     52     85   color     8
    125     85     81   color     8
    126     81    281   color     8
    127     13     64   color     8
    128     13     65   color     8
    129     13    121   color     8
    130     13     83   color     8
    131     13    224   color     8
    132     13     39   color     8
    133     83     64   color     8
    134     64    224   color     8
    135    224    121   color     8
    136    121     65   color     8
    137     65     39   color     8
    138     39     83   color     8
    139     14     92   color     8
    140     14     88   color     8
    141     14    188   color     8
    142     14     17   color     8
    143     14    100   color     8
    144    188     17   color     8
    145     17     88   color     8
    146     88    100   color     8
    147    100     92   color     8
    148     58     14   color     8
    149     15    300   color     8
    150     15    237   color     8
    151     15    202   color     8
    152     15    137   color     8
    153     15    252   color     8
    154     15     38   color     8
    155    252    300   color     8
    156    300    202   color     8
    157    202     38   color     8
    158     38    237   color     8
    159    237    137   color     8
    160    137    252   color     8
    161     16     77   color     8
    162     16    163   color     8
    163     16    121   color     8
    164     16    238   color     8
    165     16    140   color     8
    166    121    140   color     8
    167    140    238   color     8
    168    238     77   color     8
    169    123     16   color     8
    170    163    121   color     8
    171     17    263   color     8
    172    170     88   color     8
    173    188    263   color     8
    174    263    101   color     8
    175     18    119   color     8
    176     18    199   color     8
    177     18    103   color     8
    178     18     73   color     8
    179     18    288   color     8
    180    119    288   color     8
    181    288     73   color     8
    182     73    199   color     8
    183    199    103   color     8
    184     19    155   color     8
    185     19    192   color     8
    186     19    289   color     8
    187     19     96   color     8
    188     19    153   color     8
    189     19    105   color     8
    190    153    289   color     8
    191    289    192   color     8
    192    192     96   color     8
    193     96    105   color     8
    194    105    155   color     8
    195    155    153   color     8
    196     20     84   color     8
    197     20    252   color     8
    198     20    150   color     8
    199     20    300   color     8
    200     20    254   color     8
    201     20     29   color     8
    202    252    254   color     8
    203    254     84   color     8
    204     84     29   color     8
    205    150    300   color     8
    206     21    222   color     8
    207     21     41   color     8
    208     21    288   color     8
    209     21     79   color     8
    210     21    198   color     8
    211     21    242   color     8
    212     79     41   color     8
    213     41    198   color     8
    214    198    288   color     8
    215    288    242   color     8
    216    242    222   color     8
    217    222     79   color     8
    218     22     26   color     8
    219     22     70   color     8
    220     22    123   color     8
    221     22     28   color     8
    222     22    117   color     8
    223     22    163   color     8
    224     28    117   color     8
    225    117     70   color     8
    226     70    163   color     8
    227    163    123   color     8
    228    123     26   color     8
    229     26     28   color     8
    230     23    169   color     8
    231     23     72   color     8
    232     23    240   color     8
    233     23    175   color     8
    234     23     66   color     8
    235     23     42   color     8
    236    175     72   color     8
    237     72     42   color     8
    238     42    240   color     8
    239    240    169   color     8
    240    169     66   color     8
    241     66    175   color     8
    242     24    184   color     8
    243     24    257   color     8
    244     24    240   color     8
    245     24     42   color     8
    246     42    184   color     8
    247    184    212   color     8
    248    165    257   color     8
    249    257    240   color     8
    250     25     71   color     8
    251     25     90   color     8
    252     25    248   color     8
    253     25    141   color     8
    254     25    210   color     8
    255     25     98   color     8
    256     98     90   color     8
    257     90    141   color     8
    258    141    248   color     8
    259    248    210   color     8
    260    210     71   color     8
    261     71     98   color     8
    262     26    201   color     8
    263     26    178   color     8
    264     26     37   color     8
    265     37     28   color     8
    266    123    178   color     8
    267    178    201   color     8
    268    201     37   color     8
    269     27    192   color     8
    270     27    287   color     8
    271     27     98   color     8
    272     27    131   color     8
    273     27     90   color     8
    274     27    236   color     8
    275     98    287   color     8
    276    287    236   color     8
    277    236    192   color     8
    278    192    131   color     8
    279    131     90   color     8
    280     28    299   color     8
    281     28     48   color     8
    282     48    299   color     8
    283    299    117   color     8
    284     37     48   color     8
    285     84    111   color     8
    286     30    160   color     8
    287     30     62   color     8
    288     30    148   color     8
    289     30    214   color     8
    290     30     36   color     8
    291     30    137   color     8
    292    148    137   color     8
    293    137    214   color     8
    294    214    160   color     8
    295    160     36   color     8
    296     36     62   color     8
    297     62    148   color     8
    298     31    286   color     8
    299     31    246   color     8
    300     31    174   color     8
    301     31    151   color     8
    302     31    293   color     8
    303     31    124   color     8
    304    124    151   color     8
    305    151    286   color     8
    306    286    293   color     8
    307    293    174   color     8
    308    174    246   color     8
    309    246    124   color     8
    310     32     80   color     8
    311     32    297   color     8
    312     32    208   color     8
    313     32    293   color     8
    314     32    265   color     8
    315     32    286   color     8
    316     80    293   color     8
    317    286    297   color     8
    318    297    208   color     8
    319    208    265   color     8
    320    265     80   color     8
    321     33    275   color     8
    322     33    269   color     8
    323     33    272   color     8
    324     33    226   color     8
    325     33    108   color     8
    326     33     44   color     8
    327     44    269   color     8
    328    269    226   color     8
    329    226    108   color     8
    330    108    275   color     8
    331    275    272   color     8
    332    272     44   color     8
    333     34    215   color     8
    334     34    208   color     8
    335     34    110   color     8
    336     34    258   color     8
    337     34     97   color     8
    338     34    282   color     8
    339    215    208   color     8
    340    208    282   color     8
    341    282    110   color     8
    342    258     97   color     8
    343     97    215   color     8
    344     35    158   color     8
    345    203    158   color     8
    346    158    274   color     8
    347     36    229   color     8
    348     36     97   color     8
    349     36    216   color     8
    350    160    229   color     8
    351    229    216   color     8
    352    216     97   color     8
    353     97     62   color     8
    354     37    223   color     8
    355     37    190   color     8
    356    201    223   color     8
    357    223    190   color     8
    358    190     48   color     8
    359     38    168   color     8
    360     38    196   color     8
    361    202    196   color     8
    362    196    168   color     8
    363    168    237   color     8
    364     65    243   color     8
    365    176     83   color     8
    366     40    120   color     8
    367     40    164   color     8
    368     40    138   color     8
    369    191    164   color     8
    370    164    138   color     8
    371    138    120   color     8
    372    120     49   color     8
    373     41     45   color     8
    374     41    179   color     8
    375     41     43   color     8
    376     79     43   color     8
    377     43     45   color     8
    378     45    179   color     8
    379    179    198   color     8
    380     42    210   color     8
    381     42    235   color     8
    382     72    235   color     8
    383    235    210   color     8
    384    210    184   color     8
    385     43    133   color     8
    386     43     53   color     8
    387     43    147   color     8
    388     79    133   color     8
    389    133     53   color     8
    390     53    147   color     8
    391    147     45   color     8
    392     44     49   color     8
    393     44    146   color     8
    394     44    264   color     8
    395    272    264   color     8
    396    264    146   color     8
    397     49    269   color     8
    398     45    185   color     8
    399     45    149   color     8
    400    147    185   color     8
    401    185    149   color     8
    402    149    179   color     8
    403     46    194   color     8
    404     46    118   color     8
    405     46     60   color     8
    406    118    134   color     8
    407    212     60   color     8
    408     60    194   color     8
    409    194    118   color     8
    410     47    254   color     8
    411     47    148   color     8
    412     47     62   color     8
    413     59    254   color     8
    414    254    148   color     8
    415     62    258   color     8
    416     48    159   color     8
    417     48    291   color     8
    418    190    291   color     8
    419    291    159   color     8
    420    159    299   color     8
    421     49    250   color     8
    422    120    250   color     8
    423    250    269   color     8
    424     50    280   color     8
    425     50    225   color     8
    426     50    185   color     8
    427     50    149   color     8
    428     50    159   color     8
    429     50    139   color     8
    430    159    225   color     8
    431    225    149   color     8
    432    185    139   color     8
    433    139    280   color     8
    434    280    159   color     8
    435     51    255   color     8
    436     51    143   color     8
    437     51    262   color     8
    438     51    256   color     8
    439     51    154   color     8
    440     51    244   color     8
    441    256    255   color     8
    442    255    154   color     8
    443    154    262   color     8
    444    262    143   color     8
    445    143    244   color     8
    446    244    256   color     8
    447     52    199   color     8
    448     52    205   color     8
    449    142    205   color     8
    450    205    199   color     8
    451    199     85   color     8
    452     53    227   color     8
    453     53    220   color     8
    454     53    180   color     8
    455    227    147   color     8
    456    133    180   color     8
    457    180    220   color     8
    458    220    227   color     8
    459     54    175   color     8
    460     54     66   color     8
    461     54    200   color     8
    462     54    298   color     8
    463     54    276   color     8
    464     54     91   color     8
    465    276    175   color     8
    466     66     91   color     8
    467     91    200   color     8
    468    200    298   color     8
    469     55    225   color     8
    470     55    281   color     8
    471     55    161   color     8
    472     55    291   color     8
    473     55    245   color     8
    474     55     81   color     8
    475    291    245   color     8
    476    245    281   color     8
    477     81    161   color     8
    478    161    225   color     8
    479    225    291   color     8
    480     56     87   color     8
    481     56    256   color     8
    482     56    244   color     8
    483    112     87   color     8
    484     87    256   color     8
    485    244    176   color     8
    486     57     80   color     8
    487     57    166   color     8
    488     57    279   color     8
    489    166     80   color     8
    490     80    102   color     8
    491    115    279   color     8
    492    279    166   color     8
    493     58    188   color     8
    494     58     75   color     8
    495     58     92   color     8
    496     58     86   color     8
    497     58    104   color     8
    498     75    188   color     8
    499     92     86   color     8
    500     86    104   color     8
    501    104     75   color     8
    502     59     84   color     8
    503     59    111   color     8
    504     59    127   color     8
    505     69    127   color     8
    506    127    111   color     8
    507     60    248   color     8
    508     60    141   color     8
    509     60    129   color     8
    510    212    248   color     8
    511    141    129   color     8
    512    129    194   color     8
    513     61    272   color     8
    514     61    136   color     8
    515     61    275   color     8
    516     61    249   color     8
    517     61    186   color     8
    518     61    132   color     8
    519    249    272   color     8
    520    275    132   color     8
    521    132    136   color     8
    522    136    186   color     8
    523    186    249   color     8
    524     63    104   color     8
    525     63    216   color     8
    526     63    251   color     8
    527     63    229   color     8
    528     63    296   color     8
    529     63     75   color     8
    530    251    296   color     8
    531    296    216   color     8
    532    229     75   color     8
    533    104    251   color     8
    534     64    132   color     8
    535     64    195   color     8
    536     64    278   color     8
    537     83    195   color     8
    538    195    132   color     8
    539    132    278   color     8
    540    278    224   color     8
    541     65     70   color     8
    542     65    163   color     8
    543     70    243   color     8
    544     66    253   color     8
    545    169    253   color     8
    546    253     91   color     8
    547     67    268   color     8
    548     67    274   color     8
    549     67    218   color     8
    550     67    158   color     8
    551     67     93   color     8
    552    158    268   color     8
    553    268     93   color     8
    554     93    218   color     8
    555    218    274   color     8
    556     68     82   color     8
    557     68    255   color     8
    558     68    220   color     8
    559     68    154   color     8
    560     68    267   color     8
    561     68    180   color     8
    562    267    154   color     8
    563    255    220   color     8
    564    180     82   color     8
    565     82    267   color     8
    566     69     78   color     8
    567     69    285   color     8
    568    285    127   color     8
    569    110     78   color     8
    570     78    285   color     8
    571    117    243   color     8
    572     71    235   color     8
    573     71    172   color     8
    574     71    241   color     8
    575    235    241   color     8
    576    241    172   color     8
    577    172     98   color     8
    578     72    259   color     8
    579    175    259   color     8
    580    259    235   color     8
    581     73     85   color     8
    582     73    207   color     8
    583     73    198   color     8
    584    207     85   color     8
    585    198    207   color     8
    586     74    169   color     8
    587     74    257   color     8
    588     74     76   color     8
    589     74    221   color     8
    590     74    213   color     8
    591     74    240   color     8
    592    213    169   color     8
    593    257     76   color     8
    594     76    221   color     8
    595    221    213   color     8
    596     75    290   color     8
    597    229    290   color     8
    598    290    188   color     8
    599     76    271   color     8
    600     76    114   color     8
    601     76    165   color     8
    602    271    114   color     8
    603    114    221   color     8
    604     77    118   color     8
    605     77    123   color     8
    606     77    134   color     8
    607     77    178   color     8
    608    118    178   color     8
    609     78    270   color     8
    610     78    152   color     8
    611     78    282   color     8
    612    282    152   color     8
    613    152    270   color     8
    614    270    285   color     8
    615     79    162   color     8
    616    222    162   color     8
    617    162    133   color     8
    618    166    293   color     8
    619    265    102   color     8
    620     81    207   color     8
    621    207    161   color     8
    622     82    211   color     8
    623     82    247   color     8
    624     82    113   color     8
    625    180    113   color     8
    626    113    211   color     8
    627    211    247   color     8
    628    247    267   color     8
    629     83    182   color     8
    630    176    182   color     8
    631    182    195   color     8
    632     86    164   color     8
    633     86    145   color     8
    634     86    156   color     8
    635     92    156   color     8
    636    156    164   color     8
    637    164    145   color     8
    638    145    104   color     8
    639     87    187   color     8
    640     87     99   color     8
    641     87    227   color     8
    642    112     99   color     8
    643     99    227   color     8
    644    227    187   color     8
    645    187    256   color     8
    646     88    200   color     8
    647     88    298   color     8
    648    200    100   color     8
    649     89     93   color     8
    650     89    236   color     8
    651     89     95   color     8
    652     89    294   color     8
    653     89    268   color     8
    654     89    287   color     8
    655    268    294   color     8
    656    294     95   color     8
    657     95    236   color     8
    658    287     93   color     8
    659     90    183   color     8
    660    131    183   color     8
    661    183    141   color     8
    662     91    233   color     8
    663     91    100   color     8
    664    253    233   color     8
    665    233    100   color     8
    666    100    156   color     8
    667     93    172   color     8
    668    287    172   color     8
    669    172    218   color     8
    670     94    292   color     8
    671     94    299   color     8
    672     94    117   color     8
    673     94    280   color     8
    674     94    260   color     8
    675    280    260   color     8
    676    260    292   color     8
    677    292    117   color     8
    678    299    280   color     8
    679     95     96   color     8
    680     95    109   color     8
    681     95    273   color     8
    682    273     96   color     8
    683     96    236   color     8
    684    294    109   color     8
    685    109    273   color     8
    686    273    105   color     8
    687    216    215   color     8
    688     99    139   color     8
    689     99    260   color     8
    690     99    147   color     8
    691    260    139   color     8
    692    139    147   color     8
    693    112    260   color     8
    694    233    156   color     8
    695    101    107   color     8
    696    101    177   color     8
    697    101    168   color     8
    698    107    168   color     8
    699    168    203   color     8
    700    263    177   color     8
    701    177    107   color     8
    702    102    296   color     8
    703    265    296   color     8
    704    103    228   color     8
    705    103    205   color     8
    706    205    228   color     8
    707    105    217   color     8
    708    105    142   color     8
    709    273    217   color     8
    710    217    142   color     8
    711    142    155   color     8
    712    106    261   color     8
    713    106    278   color     8
    714    106    231   color     8
    715    106    224   color     8
    716    106    140   color     8
    717    106    108   color     8
    718    278    108   color     8
    719    108    261   color     8
    720    261    231   color     8
    721    231    140   color     8
    722    140    224   color     8
    723    107    237   color     8
    724    107    214   color     8
    725    177    214   color     8
    726    214    237   color     8
    727    278    275   color     8
    728    226    261   color     8
    729    109    181   color     8
    730    109    197   color     8
    731    197    181   color     8
    732    295    109   color     8
    733    294    197   color     8
    734    127    206   color     8
    735    113    133   color     8
    736    113    162   color     8
    737    113    135   color     8
    738    162    135   color     8
    739    135    211   color     8
    740    114    261   color     8
    741    114    283   color     8
    742    114    226   color     8
    743    283    221   color     8
    744    271    261   color     8
    745    226    283   color     8
    746    146    279   color     8
    747    116    153   color     8
    748    116    234   color     8
    749    116    144   color     8
    750    116    122   color     8
    751    116    204   color     8
    752    116    289   color     8
    753    144    289   color     8
    754    153    204   color     8
    755    204    122   color     8
    756    122    234   color     8
    757    234    144   color     8
    758    118    219   color     8
    759    194    219   color     8
    760    219    178   color     8
    761    120    171   color     8
    762    120    173   color     8
    763    171    173   color     8
    764    173    250   color     8
    765    138    171   color     8
    766    122    190   color     8
    767    122    245   color     8
    768    122    223   color     8
    769    245    190   color     8
    770    223    234   color     8
    771    204    245   color     8
    772    124    262   color     8
    773    124    154   color     8
    774    124    267   color     8
    775    267    151   color     8
    776    246    262   color     8
    777    125    155   color     8
    778    125    204   color     8
    779    125    153   color     8
    780    281    204   color     8
    781    126    300   color     8
    782    126    202   color     8
    783    126    150   color     8
    784    277    202   color     8
    785    127    230   color     8
    786    230    206   color     8
    787    285    230   color     8
    788    128    157   color     8
    789    128    168   color     8
    790    128    158   color     8
    791    128    203   color     8
    792    128    196   color     8
    793    196    157   color     8
    794    157    158   color     8
    795    129    239   color     8
    796    129    219   color     8
    797    129    183   color     8
    798    183    239   color     8
    799    239    219   color     8
    800    130    246   color     8
    801    130    262   color     8
    802    130    186   color     8
    803    130    189   color     8
    804    130    143   color     8
    805    130    284   color     8
    806    284    186   color     8
    807    186    189   color     8
    808    189    143   color     8
    809    246    284   color     8
    810    131    144   color     8
    811    131    289   color     8
    812    144    183   color     8
    813    195    136   color     8
    814    135    230   color     8
    815    135    285   color     8
    816    135    270   color     8
    817    270    211   color     8
    818    162    230   color     8
    819    136    189   color     8
    820    195    189   color     8
    821    148    252   color     8
    822    138    156   color     8
    823    138    233   color     8
    824    233    171   color     8
    825    217    205   color     8
    826    143    182   color     8
    827    189    182   color     8
    828    182    244   color     8
    829    144    239   color     8
    830    234    239   color     8
    831    264    279   color     8
    832    149    161   color     8
    833    161    179   color     8
    834    151    193   color     8
    835    151    247   color     8
    836    247    193   color     8
    837    193    286   color     8
    838    152    193   color     8
    839    152    297   color     8
    840    152    247   color     8
    841    297    193   color     8
    842    247    270   color     8
    843    282    297   color     8
    844    157    268   color     8
    845    157    197   color     8
    846    157    294   color     8
    847    196    197   color     8
    848    160    290   color     8
    849    160    177   color     8
    850    177    290   color     8
    851    207    179   color     8
    852    222    230   color     8
    853    166    174   color     8
    854    166    209   color     8
    855    279    209   color     8
    856    209    174   color     8
    857    167    218   color     8
    858    167    259   color     8
    859    167    241   color     8
    860    218    241   color     8
    861    241    259   color     8
    862    259    276   color     8
    863    213    253   color     8
    864    171    253   color     8
    865    171    213   color     8
    866    213    173   color     8
    867    173    283   color     8
    868    173    221   color     8
    869    283    250   color     8
    870    174    284   color     8
    871    209    284   color     8
    872    263    290   color     8
    873    219    201   color     8
    874    295    273   color     8
    875    197    277   color     8
    876    184    248   color     8
    877    284    249   color     8
    878    187    220   color     8
    879    187    255   color     8
    880    196    277   color     8
    881    201    232   color     8
    882    219    232   color     8
    883    232    223   color     8
    884    205    295   color     8
    885    217    295   color     8
    886    206    222   color     8
    887    215    265   color     8
    888    209    264   color     8
    889    209    249   color     8
    890    264    249   color     8
    891    215    296   color     8
    892    239    232   color     8
    893    232    234   color     8
    894    269    283   color     8
 
faces
      1      6     -4      1   color     6
      2      7     -2      4   color     6
      3      8     -5      2   color     6
      4      9     -3      5   color     6
      5     10     -1      3   color     6
      6     17    -12     15   color     6
      7     18    -14     12   color     6
      8     19    -16     14   color     6
      9     20    -13     16   color     6
     10     21    -11     13   color     6
     11     22    -15     11   color     6
     12     29    -24     27   color     6
     13     30    -26     24   color     6
     14     31    -25     26   color     6
     15     32    -28     25   color     6
     16     33    -23     28   color     6
     17     34    -27     23   color     6
     18     40    -38     37   color     6
     19     41    -39     38   color     6
     20     42    -35     39   color     6
     21     43     35    -55   color     6
     22     44    -37     36   color     6
     23     50    -47     46   color     6
     24     51    -45     47   color     6
     25     52    -49     45   color     6
     26     53    -48     49   color     6
     27     54    -46     48   color     6
     28     60     55   -175   color     6
     29     61    -57     58   color     6
     30     62    -59     57   color     6
     31     63    -56     59   color     6
     32    -43     56    -36   color     6
     33     70    -69     67   color     6
     34     71    -65     69   color     6
     35     72    -66     65   color     6
     36     73    -64     66   color     6
     37     74    -68     64   color     6
     38     75    -67     68   color     6
     39     79    -76    -20   color     6
     40     80    -77     76   color     6
     41     81    -78     77   color     6
     42     82    -21     78   color     6
     43     89    -88     84   color     6
     44     90    -85     88   color     6
     45    -53    -86     85   color     6
     46     91    -87     86   color     6
     47     92    -83     87   color     6
     48     93    -84     83   color     6
     49     99    -96     95   color     6
     50    100    -94     96   color     6
     51    101    -98     94   color     6
     52    102    -97     98   color     6
     53    103    -95     97   color     6
     54    110   -107    109   color     6
     55    111   -106    107   color     6
     56    112   -105    106   color     6
     57    -10   -108    105   color     6
     58    113   -104    108   color     6
     59    114   -109    104   color     6
     60    121   -115    118   color     6
     61    122   -120    115   color     6
     62    123   -116    120   color     6
     63    124   -119    116   color     6
     64    125   -117    119   color     6
     65    126   -118    117   color     6
     66    133   -127    130   color     6
     67    134   -131    127   color     6
     68    135   -129    131   color     6
     69    136   -128    129   color     6
     70    137   -132    128   color     6
     71    138   -130    132   color     6
     72    144   -142    141   color     6
     73    145   -140    142   color     6
     74    146   -143    140   color     6
     75    147   -139    143   color     6
     76    148    139   -495   color     6
     77    155   -149    153   color     6
     78    156   -151    149   color     6
     79    157   -154    151   color     6
     80    158   -150    154   color     6
     81    159   -152    150   color     6
     82    160   -153    152   color     6
     83    166   -165    163   color     6
     84    167   -164    165   color     6
     85    168   -161    164   color     6
     86    169    161    605   color     6
     87    170   -163    162   color     6
     88    172   -145     -6   color     6
     89    173   -171   -144   color     6
     90    174     -7    171   color     6
     91    180   -179    175   color     6
     92    181   -178    179   color     6
     93    182   -176    178   color     6
     94    183   -177    176   color     6
     95    -60    177    -58   color     6
     96    190   -186    188   color     6
     97    191   -185    186   color     6
     98    192   -187    185   color     6
     99    193   -189    187   color     6
    100    194   -184    189   color     6
    101    195   -188    184   color     6
    102   -155   -197    199   color     6
    103    202   -200    197   color     6
    104    203   -196    200   color     6
    105    204   -201    196   color     6
    106    -63   -198    201   color     6
    107    205   -199    198   color     6
    108    212   -207    209   color     6
    109    213   -210    207   color     6
    110    214   -208    210   color     6
    111    215   -211    208   color     6
    112    216   -206    211   color     6
    113    217   -209    206   color     6
    114    224   -222    221   color     6
    115    225   -219    222   color     6
    116    226   -223    219   color     6
    117    227   -220    223   color     6
    118    228   -218    220   color     6
    119    229   -221    218   color     6
    120    236   -231    233   color     6
    121    237   -235    231   color     6
    122    238   -232    235   color     6
    123    239   -230    232   color     6
    124    240   -234    230   color     6
    125    241   -233    234   color     6
    126   -238   -245    244   color     6
    127    246   -242    245   color     6
    128    247    -17    242   color     6
    129    248   -243    -22   color     6
    130    249   -244    243   color     6
    131    256   -251    255   color     6
    132    257   -253    251   color     6
    133    258   -252    253   color     6
    134    259   -254    252   color     6
    135    260   -250    254   color     6
    136    261   -255    250   color     6
    137    265   -229    264   color     6
    138    266   -263   -228   color     6
    139    267   -262    263   color     6
    140    268   -264    262   color     6
    141   -256   -271    273   color     6
    142    275   -270    271   color     6
    143    276   -274    270   color     6
    144    277   -269    274   color     6
    145    278   -272    269   color     6
    146    279   -273    272   color     6
    147    282   -280    281   color     6
    148    283   -224    280   color     6
    149    284   -281   -265   color     6
    150    285    -44   -204   color     6
    151    292   -291    288   color     6
    152    293   -289    291   color     6
    153    294   -286    289   color     6
    154    295   -290    286   color     6
    155    296   -287    290   color     6
    156    297   -288    287   color     6
    157    304   -301    303   color     6
    158    305   -298    301   color     6
    159    306   -302    298   color     6
    160    307   -300    302   color     6
    161    308   -299    300   color     6
    162    309   -303    299   color     6
    163    316   -313    310   color     6
    164   -306   -315    313   color     6
    165    317   -311    315   color     6
    166    318   -312    311   color     6
    167    319   -314    312   color     6
    168    320   -310    314   color     6
    169    327   -322    326   color     6
    170    328   -324    322   color     6
    171    329   -325    324   color     6
    172    330   -321    325   color     6
    173    331   -323    321   color     6
    174    332   -326    323   color     6
    175    339   -334    333   color     6
    176    340   -338    334   color     6
    177    341   -335    338   color     6
    178   -102   -336    335   color     6
    179    342   -337    336   color     6
    180    343   -333    337   color     6
    181    345   -344     -9   color     6
    182    346   -113    344   color     6
    183    350   -347   -295   color     6
    184    351   -349    347   color     6
    185    352   -348    349   color     6
    186    353   -296    348   color     6
    187    356   -354   -268   color     6
    188    357   -355    354   color     6
    189    358   -284    355   color     6
    190    361   -360   -157   color     6
    191    362   -359    360   color     6
    192    363   -158    359   color     6
    193    364    -75   -137   color     6
    194    365   -138    -74   color     6
    195    369   -367    -54   color     6
    196    370   -368    367   color     6
    197    371   -366    368   color     6
    198    372    -50    366   color     6
    199    376   -375   -212   color     6
    200    377   -373    375   color     6
    201    378   -374    373   color     6
    202    379   -213    374   color     6
    203    382   -381   -237   color     6
    204    383   -380    381   color     6
    205    384   -246    380   color     6
    206    388   -385   -376   color     6
    207    389   -386    385   color     6
    208    390   -387    386   color     6
    209    391   -377    387   color     6
    210    395   -394   -332   color     6
    211    396   -393    394   color     6
    212    -51   -392    393   color     6
    213    397   -327    392   color     6
    214    400   -398   -391   color     6
    215    401   -399    398   color     6
    216    402   -378    399   color     6
    217    406    -19    404   color     6
    218    407   -405    -18   color     6
    219    408   -403    405   color     6
    220    409   -404    403   color     6
    221    413   -410   -100   color     6
    222    414   -411    410   color     6
    223   -297   -412    411   color     6
    224    415   -101    412   color     6
    225    418   -417   -358   color     6
    226    419   -416    417   color     6
    227    420   -282    416   color     6
    228    422   -421   -372   color     6
    229    423   -397    421   color     6
    230    430   -425    428   color     6
    231    431   -427    425   color     6
    232   -401   -426    427   color     6
    233    432   -429    426   color     6
    234    433   -424    429   color     6
    235    434   -428    424   color     6
    236    441   -435    438   color     6
    237    442   -439    435   color     6
    238    443   -437    439   color     6
    239    444   -436    437   color     6
    240    445   -440    436   color     6
    241    446   -438    440   color     6
    242    449   -448   -123   color     6
    243    450   -447    448   color     6
    244    451   -124    447   color     6
    245    455   -390    452   color     6
    246    456   -454   -389   color     6
    247    457   -453    454   color     6
    248    458   -452    453   color     6
    249   -111   -463    462   color     6
    250    465   -459    463   color     6
    251   -241   -460    459   color     6
    252    466   -464    460   color     6
    253    467   -461    464   color     6
    254    468   -462    461   color     6
    255    475   -473    472   color     6
    256    476   -470    473   color     6
    257   -126   -474    470   color     6
    258    477   -471    474   color     6
    259    478   -469    471   color     6
    260    479   -472    469   color     6
    261    483   -480    -72   color     6
    262    484   -481    480   color     6
    263   -446   -482    481   color     6
    264    485    -73    482   color     6
    265    489   -486    487   color     6
    266    490    -92    486   color     6
    267    491   -488    -91   color     6
    268    492   -487    488   color     6
    269    498   -493    494   color     6
    270   -148    493   -141   color     6
    271    499   -496    495   color     6
    272    500   -497    496   color     6
    273    501   -494    497   color     6
    274    505   -504    -99   color     6
    275    506   -503    504   color     6
    276   -285   -502    503   color     6
    277   -203   -413    502   color     6
    278    510   -507   -407   color     6
    279   -258   -508    507   color     6
    280    511   -509    508   color     6
    281    512   -408    509   color     6
    282    519   -513    516   color     6
    283   -331   -515    513   color     6
    284    520   -518    515   color     6
    285    521   -514    518   color     6
    286    522   -517    514   color     6
    287    523   -516    517   color     6
    288   -342   -415   -353   color     6
    289    530   -528    526   color     6
    290    531   -525    528   color     6
    291   -351   -527    525   color     6
    292    532   -529    527   color     6
    293   -501   -524    529   color     6
    294    533   -526    524   color     6
    295    537   -535   -133   color     6
    296    538   -534    535   color     6
    297    539   -536    534   color     6
    298    540   -134    536   color     6
    299   -170   -542   -136   color     6
    300   -226   -541    542   color     6
    301    543   -364    541   color     6
    302    545   -544   -240   color     6
    303    546   -466    544   color     6
    304   -346   -550    548   color     6
    305    552   -547    550   color     6
    306    553   -551    547   color     6
    307    554   -549    551   color     6
    308    555   -548    549   color     6
    309    562   -559    560   color     6
    310   -442   -557    559   color     6
    311    563   -558    557   color     6
    312   -457   -561    558   color     6
    313    564   -556    561   color     6
    314    565   -560    556   color     6
    315    568   -505    567   color     6
    316    569   -566   -103   color     6
    317    570   -567    566   color     6
    318    571   -543   -225   color     6
    319   -383   -572   -260   color     6
    320    575   -574    572   color     6
    321    576   -573    574   color     6
    322    577   -261    573   color     6
    323    579   -578   -236   color     6
    324    580   -382    578   color     6
    325    584   -581    582   color     6
    326   -451   -182    581   color     6
    327   -214   -583   -181   color     6
    328    585   -582    583   color     6
    329    592   -586    590   color     6
    330   -239   -591    586   color     6
    331   -249   -587    591   color     6
    332    593   -588    587   color     6
    333    594   -589    588   color     6
    334    595   -590    589   color     6
    335    597   -596   -532   color     6
    336    598   -498    596   color     6
    337   -248   -601   -593   color     6
    338    -82   -599    601   color     6
    339    602   -600    599   color     6
    340    603   -594    600   color     6
    341   -406   -604    606   color     6
    342    608   -607    604   color     6
    343   -266   -605    607   color     6
    344   -169   -227   -162   color     6
    345    -79   -606   -168   color     6
    346   -341   -611   -569   color     6
    347    612   -610    611   color     6
    348    613   -609    610   color     6
    349    614   -570    609   color     6
    350    616   -615   -217   color     6
    351    617   -388    615   color     6
    352    618   -316   -489   color     6
    353    619   -490   -320   color     6
    354   -584   -620   -125   color     6
    355    621   -477    620   color     6
    356    625   -624   -564   color     6
    357    626   -622    624   color     6
    358    627   -623    622   color     6
    359    628   -565    623   color     6
    360    630   -629   -365   color     6
    361    631   -537    629   color     6
    362    635   -634   -499   color     6
    363    636   -632    634   color     6
    364    637   -633    632   color     6
    365    638   -500    633   color     6
    366    642   -640   -483   color     6
    367    643   -641    640   color     6
    368    644   -639    641   color     6
    369    645   -484    639   color     6
    370   -468   -646    647   color     6
    371    648   -146    646   color     6
    372   -112   -647   -172   color     6
    373   -553   -653    649   color     6
    374    655   -652    653   color     6
    375    656   -651    652   color     6
    376    657   -650    651   color     6
    377   -276   -654    650   color     6
    378    658   -649    654   color     6
    379    660   -659   -279   color     6
    380    661   -257    659   color     6
    381    664   -662   -546   color     6
    382    665   -663    662   color     6
    383   -648   -467    663   color     6
    384    666   -635   -147   color     6
    385    668   -667   -658   color     6
    386    669   -554    667   color     6
    387    675   -674    673   color     6
    388    676   -670    674   color     6
    389    677   -672    670   color     6
    390   -283   -671    672   color     6
    391    678   -673    671   color     6
    392    682   -679    681   color     6
    393    683   -657    679   color     6
    394    684   -680   -656   color     6
    395    685   -681    680   color     6
    396   -277   -683   -192   color     6
    397    686   -193   -682   color     6
    398    687   -343   -352   color     6
    399   -668   -275   -577   color     6
    400    691   -688    689   color     6
    401    692   -690    688   color     6
    402   -455   -643    690   color     6
    403    693   -689   -642   color     6
    404    694   -666   -665   color     6
    405    698   -697    695   color     6
    406    699     -8    697   color     6
    407    700   -696   -174   color     6
    408    701   -695    696   color     6
    409    703   -702   -619   color     6
    410   -530    -93    702   color     6
    411   -450   -705   -183   color     6
    412    706   -704    705   color     6
    413    -31    -61    704   color     6
    414    -89   -533   -638   color     6
    415    709   -707   -686   color     6
    416    710   -708    707   color     6
    417    711   -194    708   color     6
    418    718   -717    713   color     6
    419    719   -712    717   color     6
    420    720   -714    712   color     6
    421    721   -716    714   color     6
    422    722   -715    716   color     6
    423   -540   -713    715   color     6
    424    725   -724   -701   color     6
    425    726   -723    724   color     6
    426   -363   -698    723   color     6
    427    727   -330   -718   color     6
    428    728   -719   -329   color     6
    429    731   -729    730   color     6
    430    732    729    -33   color     6
    431    733   -730   -684   color     6
    432    734    -40   -506   color     6
    433   -676   -693    -71   color     6
    434   -617   -736    735   color     6
    435    738   -737    736   color     6
    436    739   -626    737   color     6
    437   -456   -735   -625   color     6
    438    743   -603    741   color     6
    439    744   -740   -602   color     6
    440   -728   -742    740   color     6
    441    745   -741    742   color     6
    442    746   -491    -52   color     6
    443    753   -752    749   color     6
    444   -190   -747    752   color     6
    445    754   -751    747   color     6
    446    755   -750    751   color     6
    447    756   -748    750   color     6
    448    757   -749    748   color     6
    449    -70   -571   -677   color     6
    450    759   -758   -409   color     6
    451    760   -608    758   color     6
    452   -215   -180    -42   color     6
    453    763   -762    761   color     6
    454    764   -422    762   color     6
    455    765   -761   -371   color     6
    456   -722   -166   -135   color     6
    457    769   -766    767   color     6
    458   -357   -768    766   color     6
    459    770   -756    768   color     6
    460    771   -767   -755   color     6
    461   -562   -774    773   color     6
    462    775   -304    774   color     6
    463    776   -772   -309   color     6
    464   -443   -773    772   color     6
    465   -754   -779    778   color     6
    466   -195   -777    779   color     6
    467   -711   -122    777   color     6
    468    780   -778   -121   color     6
    469    -62    -30    783   color     6
    470    784   -782    -29   color     6
    471   -156   -781    782   color     6
    472   -205   -783    781   color     6
    473    786   -734    785   color     6
    474    787   -785   -568   color     6
    475   -362   -792    789   color     6
    476    793   -788    792   color     6
    477    794   -790    788   color     6
    478   -345   -791    790   color     6
    479   -699   -789    791   color     6
    480    798   -795    797   color     6
    481    799   -796    795   color     6
    482   -759   -512    796   color     6
    483   -661   -797   -511   color     6
    484    806   -802    805   color     6
    485    807   -803    802   color     6
    486    808   -804    803   color     6
    487   -444   -801    804   color     6
    488   -776   -800    801   color     6
    489    809   -805    800   color     6
    490   -191   -811   -278   color     6
    491   -753   -810    811   color     6
    492    812   -660    810   color     6
    493   -727   -539   -520   color     6
    494    813   -521   -538   color     6
    495   -614   -816    815   color     6
    496    817   -739    816   color     6
    497    818   -814   -738   color     6
    498   -787   -815    814   color     6
    499    820   -819   -813   color     6
    500   -807   -522    819   color     6
    501    821   -160   -292   color     6
    502   -726   -293   -159   color     6
    503    824   -765    823   color     6
    504   -636   -822   -370   color     6
    505   -694   -823    822   color     6
    506   -675   -433   -691   color     6
    507   -400   -692   -432   color     6
    508    -80   -167   -721   color     6
    509    825   -449   -710   color     6
    510    827   -826   -808   color     6
    511    828   -445    826   color     6
    512    830   -829   -757   color     6
    513   -798   -812    829   color     6
    514   -369    -90   -637   color     6
    515    831   -746   -396   color     6
    516   -202   -821   -414   color     6
    517   -478   -832   -431   color     6
    518    833   -402    832   color     6
    519    836   -834    835   color     6
    520    837   -305    834   color     6
    521   -628   -835   -775   color     6
    522    841   -838    839   color     6
    523   -836   -840    838   color     6
    524    842   -613    840   color     6
    525    843   -839   -612   color     6
    526    847   -845   -793   color     6
    527   -733   -846    845   color     6
    528   -655   -844    846   color     6
    529   -552   -794    844   color     6
    530   -479   -430   -419   color     6
    531   -678   -420   -434   color     6
    532   -597   -350    848   color     6
    533   -725   -849   -294   color     6
    534    850   -848    849   color     6
    535    851   -833   -621   color     6
    536    852   -818   -616   color     6
    537    855   -854   -492   color     6
    538    856   -853    854   color     6
    539   -307   -618    853   color     6
    540   -555   -857   -114   color     6
    541    860   -859    857   color     6
    542    861   -858    859   color     6
    543    862   -110    858   color     6
    544    863   -545   -592   color     6
    545   -664   -864   -824   color     6
    546   -863   -865    864   color     6
    547    866   -763    865   color     6
    548   -860   -669   -576   color     6
    549   -595   -868   -866   color     6
    550   -743   -867    868   color     6
    551    869   -764    867   color     6
    552    871   -870   -856   color     6
    553   -809   -308    870   color     6
    554   -862   -579   -465   color     6
    555   -828   -630   -485   color     6
    556    872   -850   -700   color     6
    557    873   -267   -760   color     6
    558   -585   -379   -851   color     6
    559   -732    874   -685   color     6
    560    875    -34   -731   color     6
    561   -820   -631   -827   color     6
    562   -259   -876   -384   color     6
    563   -510   -247    876   color     6
    564    877   -523   -806   color     6
    565   -563   -879    878   color     6
    566   -441   -645    879   color     6
    567   -458   -878   -644   color     6
    568   -872   -173   -598   color     6
    569   -475   -418   -769   color     6
    570   -317   -837   -841   color     6
    571   -784   -880   -361   color     6
    572   -875   -847    880   color     6
    573    882   -881   -873   color     6
    574    883   -356    881   color     6
    575   -476   -771   -780   color     6
    576    -32   -706    884   color     6
    577    885   -884   -825   color     6
    578   -852   -886   -786   color     6
    579   -216    -41    886   color     6
    580    887   -319   -339   color     6
    581   -843   -340   -318   color     6
    582   -831   -888   -855   color     6
    583    890   -889    888   color     6
    584   -877   -871    889   color     6
    585   -842   -627   -817   color     6
    586   -531   -891   -687   color     6
    587   -703   -887    891   color     6
    588   -874   -885   -709   color     6
    589    892   -882   -799   color     6
    590    893   -770   -883   color     6
    591    894   -745   -328   color     6
    592   -744    -81   -720   color     6
    593   -830   -893   -892   color     6
    594   -861   -575   -580   color     6
    595   -395   -519   -890   color     6
    596   -894   -423   -869   color     6
 
         
